images/image0.jpg 51.902597402597394 7.876623376623343 159.37012987012986 117.61688311688309 87.94155844155841 73.1363636363636 116.18831168831167 75.08441558441555 99.62987012987011 96.18831168831164 86.64285714285711 111.1233766233766 111.31818181818178 113.72077922077918
images/image1.jpg 101.76008064516128 1.1669354838709864 223.57459677419357 99.90080645161291 135.73991935483872 27.77379032258068 166.83467741935485 36.74959677419358 122.91733870967744 44.76370967741937 121.63508064516128 79.70524193548388 154.3326612903226 79.38467741935486
images/image2.jpg 118.02272727272728 108.74810606060606 171.28030303030306 170.41477272727272 136.24242424242425 137.82954545454544 151.65909090909093 149.04166666666666 139.74621212121212 152.19507575757575 125.73106060606062 154.64772727272725 137.64393939393938 163.75757575757575
images/image3.jpg 62.88690476190476 18.10416666666663 182.48511904761907 152.4047619047619 109.82142857142856 90.76785714285711 136.11607142857142 90.76785714285711 122.26190476190476 109.99404761904759 108.125 134.0267857142857 139.22619047619048 134.59226190476187
images/image4.jpg 53.362824675324646 7.657467532467535 138.89448051948048 100.7987012987013 87.14935064935062 60.924512987012974 110.58685064935062 55.75 102.67288961038957 72.49107142857142 98.10714285714283 96.53733766233768 117.5876623376623 93.7978896103896
images/image5.jpg 87.81350806451613 16.24274193548385 182.15524193548387 97.32237903225806 124.88709677419354 68.6883064516129 142.06754032258064 48.493750000000006 142.6703629032258 74.11370967741937 155.63104838709677 91.29415322580644 171.60584677419354 75.01794354838711
images/image6.jpg 52.22727272727272 8.850649350649292 178.525974025974 167.6168831168831 93.13636363636363 81.57792207792204 126.25324675324671 97.16233766233762 95.40909090909088 101.38311688311686 73.98051948051946 128.65584415584414 105.79870129870127 139.0454545454545
images/image7.jpg 54.540322580645174 2.5120967741935374 182.76612903225808 138.29838709677415 124.3991935483871 78.11693548387095 154.33870967741936 64.81048387096772 167.6451612903226 83.258064516129 138.00806451612905 114.7096774193548 168.55241935483872 111.98790322580642
images/image8.jpg 151.31451612903228 15.51612903225805 261.3951612903226 155.2338709677419 190.0241935483871 82.9556451612903 221.77822580645164 94.74999999999997 196.67741935483872 107.14919354838706 172.78629032258067 126.80645161290319 208.77419354838713 138.9032258064516
images/image9.jpg 92.92237903225808 12.880040322580669 194.38407258064518 160.91431451612902 132.84173387096774 82.4616935483871 165.27620967741936 94.93649193548389 145.03931451612905 104.08467741935485 115.93145161290323 130.1431451612903 148.08870967741936 142.89516129032256
images/image10.jpg 65.0 3.113306451612914 186.75604838709677 140.9802419354839 124.42540322580646 82.08306451612904 160.0806451612903 73.36733870967743 162.4576612903226 100.57096774193549 141.85685483870967 127.77459677419354 168.0040322580645 121.96411290322581
images/image11.jpg 82.94254032258064 27.295362903225822 190.22580645161293 155.09274193548387 122.30745967741936 98.81754032258065 150.58366935483872 100.48084677419355 135.6139112903226 116.00504032258065 121.19858870967744 139.0141129032258 152.8014112903226 139.29133064516128
images/image12.jpg 155.5483870967742 10.67741935483869 210.5887096774194 73.27822580645159 174.2983870967742 41.221774193548356 191.23387096774195 45.758064516129025 178.22983870967744 51.504032258064484 169.76209677419357 62.39112903225805 184.27822580645164 65.41532258064512
images/image13.jpg 122.58467741935485 35.05745967741939 161.1179435483871 88.0060483870968 136.44556451612905 59.45262096774195 149.1975806451613 64.99697580645162 140.32661290322582 67.21471774193549 130.90120967741936 76.91733870967744 142.2671370967742 80.24395161290323
images/image14.jpg 165.22580645161293 6.14112903225805 264.4193548387097 110.17338709677416 190.32661290322582 59.06451612903223 212.40322580645164 62.08870967741933 183.6733870967742 72.06854838709674 185.18548387096777 94.74999999999997 206.65725806451616 95.05241935483869
images/image15.jpg 40.700757575757564 31.11580086580085 178.86904761904765 190.70319264069263 95.9077380952381 123.12743506493504 129.9972943722944 124.33414502164501 113.10335497835499 143.9431818181818 91.38257575757578 168.37905844155844 131.80735930735935 168.37905844155844
images/image16.jpg 82.24134199134197 115.18452380952382 127.35768398268395 165.90151515151518 97.79870129870129 148.78841991341994 113.04491341991339 147.5438311688312 106.51082251082248 158.12283549783552 102.46590909090908 165.90151515151518 112.73376623376622 165.90151515151518
images/image17.jpg 102.02016129032259 5.838709677419331 206.35483870967744 133.7620967741935 154.33870967741936 55.737903225806434 180.6491935483871 55.737903225806434 174.2983870967742 71.76612903225805 152.82661290322582 111.383064516129 176.41532258064518 113.19758064516125
images/image18.jpg 96.87903225806454 2.8145161290322562 221.47580645161293 131.04032258064512 153.43145161290323 62.69354838709674 187.00000000000003 75.99999999999997 164.3185483870968 87.49193548387095 133.7741935483871 107.75403225806448 163.71370967741936 122.87499999999997
images/image19.jpg 69.38636363636363 20.137175324675326 142.13392857142858 106.58198051948054 97.08522727272728 71.88230519480518 115.95698051948054 72.49107142857142 106.52110389610391 84.97077922077924 95.5633116883117 98.9724025974026 113.52191558441558 99.58116883116884
images/image20.jpg 54.6891233766234 31.91314935064935 121.06899350649357 103.5892857142857 80.11120129870133 74.98944805194802 97.4123376623377 77.10795454545453 88.58522727272731 86.64123376623374 80.11120129870133 98.29301948051946 97.05925324675329 98.9991883116883
images/image21.jpg 88.41129032258067 7.955645161290306 207.86693548387098 156.74596774193543 131.95967741935485 86.88709677419351 163.41129032258067 89.91129032258061 151.01209677419357 108.66129032258061 129.54032258064518 137.39112903225805 168.55241935483872 137.99596774193543
images/image22.jpg 47.77516233766232 38.70454545454544 170.74594155844156 182.37337662337666 98.91152597402598 120.2792207792208 128.43668831168833 119.97483766233768 112.0 142.49918831168833 95.25892857142858 164.71915584415586 131.17613636363637 164.41477272727275
images/image23.jpg 88.65625 61.16874999999999 172.3800403225806 148.72721774193548 122.84879032258064 114.21512096774191 141.0635080645161 114.85423387096772 131.1572580645161 126.03870967741933 120.6118951612903 139.77963709677417 142.98084677419354 139.46008064516127
images/image24.jpg 49.60146103896102 40.22646103896105 161.9188311688312 186.9391233766234 81.25730519480518 112.36525974025975 110.78246753246754 118.4529220779221 62.68993506493504 128.1931818181818 82.47483766233765 165.6323051948052 103.78165584415584 159.24025974025975
images/image25.jpg 79.94758064516128 5.891935483870981 150.08870967741933 102.37177419354839 102.56451612903223 62.863709677419365 122.89112903225805 65.7266129032258 104.85483870967741 77.46451612903226 99.41532258064515 94.06935483870967 119.74193548387095 94.92822580645162
images/image26.jpg 37.12175324675323 9.788149350649348 119.0008116883117 95.62418831168833 76.99594155844156 59.09821428571428 94.65016233766235 49.966720779220765 100.12905844155844 60.31574675324674 93.12824675324674 83.44886363636363 111.08685064935065 76.44805194805195
images/image27.jpg 175.81048387096777 4.024193548387075 294.35887096774195 147.67338709677415 208.77419354838713 64.81048387096772 239.6209677419355 66.02016129032256 201.8185483870968 93.84274193548384 205.4475806451613 126.20161290322578 219.35887096774195 126.20161290322578
images/image28.jpg 83.13636363636361 8.250000000000028 146.20454545454544 77.85227272727275 109.55681818181817 47.45454545454547 125.18181818181817 50.011363636363654 116.9431818181818 59.10227272727275 105.01136363636364 69.04545454545456 124.89772727272727 71.03409090909093
images/image29.jpg 158.84173387096774 12.796975806451627 241.95262096774192 103.88870967741936 177.00504032258064 57.37963709677419 197.6451612903226 59.03084677419355 177.00504032258064 68.66290322580645 176.4546370967742 92.33024193548388 198.19556451612902 90.12862903225806
images/image30.jpg 112.20665322580645 9.525201612903288 194.87802419354836 101.4153225806452 132.72580645161293 58.29536290322585 157.1108870967742 55.91633064516134 144.32358870967744 71.67741935483875 148.18951612903226 93.08870967741939 153.54233870967744 92.19657258064518
images/image31.jpg 86.90927419354838 10.842741935483872 202.09072580645162 145.6108870967742 118.4818548387097 89.18951612903226 150.63911290322582 87.72782258064518 120.2358870967742 107.60685483870968 127.8366935483871 132.45564516129033 152.97782258064515 126.60887096774195
images/image32.jpg 53.93548387096775 1.3024193548386904 165.22580645161293 84.46774193548384 107.16129032258067 40.61693548387095 131.65725806451616 26.100806451612897 140.12500000000003 37.89516129032256 128.63306451612905 67.83467741935482 153.43145161290323 56.64516129032256
images/image33.jpg 54.41071428571426 26.389610389610397 129.95454545454544 112.25000000000003 92.01623376623375 76.6412337662338 112.98214285714285 74.97727272727275 109.32142857142854 90.61850649350652 97.00811688311687 106.25974025974028 114.31331168831166 106.25974025974028
images/image34.jpg 102.02016129032259 27.612903225806434 177.92741935483872 115.31451612903223 138.61290322580646 76.30241935483869 160.08467741935485 73.27822580645159 160.68951612903228 88.39919354838707 144.05645161290323 104.42741935483868 160.68951612903228 104.7298387096774
images/image35.jpg 75.39366883116884 3.964826839826827 153.22646103896108 84.21103896103895 104.35470779220782 45.89799783549782 125.17045454545456 47.40638528138527 115.21509740259742 63.0936147186147 107.37148268398269 77.57413419913419 123.05871212121215 77.57413419913419
images/image36.jpg 20.98944805194803 4.6136363636363455 101.3465909090909 96.8417207792208 48.99269480519479 58.489448051948045 76.38717532467533 57.27191558441558 63.60308441558442 75.23051948051949 52.949675324675326 94.10227272727272 77.30032467532467 92.58035714285714
images/image37.jpg 95.86769480519482 31.39935064935065 189.00892857142858 128.80194805194805 118.08766233766235 74.92613636363637 141.82954545454547 74.92613636363637 113.52191558441558 87.71022727272728 115.95698051948054 112.66964285714286 136.6550324675325 109.32142857142858
images/image38.jpg 63.125 50.10714285714283 141.27976190476195 134.83928571428572 77.4404761904762 82.60714285714283 102.58928571428575 85.31547619047618 77.4404761904762 96.14880952380952 70.47619047619048 117.42857142857142 98.7202380952381 117.81547619047618
images/image39.jpg 40.46996753246751 11.31006493506493 111.39123376623377 101.71185064935065 76.69155844155844 62.446428571428584 96.47646103896105 62.7508116883117 93.12824675324674 75.5349025974026 73.9521103896104 88.62337662337663 97.3896103896104 90.75405844155844
images/image40.jpg 83.91431451612902 36.005241935483895 125.16532258064515 85.17862903225807 92.92943548387098 64.14334677419359 106.31552419354838 67.69475806451615 92.65625 72.06572580645164 89.37802419354838 79.44173387096777 101.39818548387098 79.71491935483874
images/image41.jpg 191.88911290322582 5.395161290322619 272.0050403225806 162.57762096774195 223.7691532258065 83.01612903225808 260.9163306451613 85.51108870967744 215.1754032258065 105.47076612903227 224.6008064516129 139.56854838709677 260.9163306451613 134.30141129032256
images/image42.jpg 132.26209677419357 4.024193548387075 209.3790322580645 86.88709677419351 163.71370967741936 48.7822580645161 181.55645161290323 58.45967741935482 164.6209677419355 66.32258064516125 154.03629032258067 80.83870967741933 159.17741935483872 84.16532258064512
images/image43.jpg 97.99837662337663 67.01217532467533 185.3563311688312 173.85064935064935 134.82873376623377 117.2353896103896 152.17857142857144 122.71428571428572 137.87256493506496 133.36769480519482 122.6534090909091 158.02272727272728 144.5689935064935 162.28409090909093
images/image44.jpg 6.987824675324646 9.483766233766232 202.40178571428575 213.42045454545456 57.21103896103895 116.32224025974025 112.60876623376623 119.97483766233768 55.68912337662337 144.93425324675326 54.77597402597402 193.93993506493507 106.2167207792208 190.5917207792208
images/image45.jpg 50.30645161290324 27.310483870967715 92.04032258064518 83.56048387096772 66.93951612903226 59.36693548387095 79.64112903225808 58.1572580645161 72.08064516129033 69.64919354838707 67.5443548387097 77.20967741935482 78.73387096774195 77.20967741935482
images/image46.jpg 80.03977272727272 32.616883116883116 139.39448051948054 99.88555194805195 101.3465909090909 72.49107142857142 116.87012987012989 72.79545454545453 107.43425324675326 84.05762987012986 103.78165584415584 94.10227272727272 115.04383116883119 93.7978896103896
images/image47.jpg 52.81331168831166 3.49080086580085 175.91937229437224 132.00811688311688 104.89664502164497 69.10227272727272 132.62932900432895 77.21915584415584 111.32251082251078 88.37987012987011 85.95725108225103 104.27543290043289 121.80681818181814 117.80357142857142
images/image48.jpg 104.43951612903228 10.97983870967741 188.81451612903228 109.87096774193546 153.43145161290323 69.64919354838707 173.6935483870968 69.04435483870967 171.57661290322582 86.2822580645161 152.2217741935484 101.40322580645159 174.60080645161293 103.21774193548384
images/image49.jpg 41.83870967741937 49.38709677419354 140.42741935483872 157.04838709677415 78.12903225806451 98.9838709677419 103.53225806451616 114.7096774193548 83.87500000000003 125.89919354838706 59.68145161290324 130.43548387096772 81.15322580645162 146.46370967741933
images/image50.jpg 103.47727272727272 9.179383116883116 180.48620129870133 96.8417207792208 132.39366883116884 59.09821428571428 154.30925324675326 59.402597402597394 144.2646103896104 73.09983766233768 133.6112012987013 85.57954545454547 154.61363636363637 84.97077922077924
images/image51.jpg 64.21185064935065 34.74756493506493 171.3547077922078 160.76217532467535 113.21753246753246 93.49350649350649 145.78652597402598 94.71103896103895 133.00243506493507 116.93100649350649 112.0 143.10795454545456 137.56818181818184 143.41233766233768
images/image52.jpg 151.01209677419357 10.374999999999972 206.35483870967744 89.60887096774192 177.92741935483872 51.8064516129032 198.49193548387098 58.1572580645161 190.0241935483871 72.06854838709674 170.06451612903228 77.81451612903223 186.0927419354839 84.77016129032256
images/image53.jpg 18.674512987012974 29.088474025973994 172.97240259740263 226.46266233766232 81.8766233766234 132.54220779220776 122.12824675324677 130.7767857142857 101.64935064935068 158.67045454545453 79.4050324675325 193.62581168831167 126.01217532467538 193.9788961038961
images/image54.jpg 90.08441558441558 22.87662337662337 156.43993506493507 100.7987012987013 110.47808441558442 59.70698051948051 129.6542207792208 66.09902597402598 107.43425324675326 70.05600649350649 102.86850649350649 84.66639610389612 119.91396103896105 89.23214285714286
images/image55.jpg 51.87851731601728 20.16991341991337 136.66883116883116 122.79166666666666 92.63609307359303 78.75892857142856 116.6539502164502 78.0311147186147 107.92018398268394 94.4069264069264 91.90827922077918 111.51055194805193 117.38176406926402 112.60227272727272
images/image56.jpg 93.73701298701297 32.92126623376623 187.79139610389612 131.23701298701297 116.56574675324677 73.70860389610391 140.91639610389612 74.31737012987014 111.39123376623377 85.88392857142858 114.43506493506493 111.4521103896104 135.4375 110.84334415584416
images/image57.jpg 66.81195887445884 31.614448051948017 179.12932900432898 159.73944805194805 94.54464285714283 88.74377705627703 127.26920995670994 92.62635281385278 90.1074134199134 112.31655844155841 87.05681818181816 136.72132034632034 121.72267316017314 137.55330086580085
images/image58.jpg 74.25649350649351 4.309253246753229 147.91720779220782 83.75324675324674 102.25974025974025 50.27110389610388 119.91396103896105 50.575487012987 110.1737012987013 62.14204545454547 101.95535714285714 74.62175324675326 120.52272727272728 77.05681818181819
images/image59.jpg 34.98484848484847 74.2765151515151 111.63257575757575 163.87878787878785 56.575757575757564 113.49999999999997 79.6060606060606 121.77651515151513 48.65909090909088 136.89015151515147 49.738636363636346 152.36363636363635 69.530303030303 152.36363636363635
images/image60.jpg 72.26731601731602 17.018939393939377 134.1585497835498 89.73268398268397 96.95616883116882 59.97077922077921 118.60119047619047 62.67640692640691 105.4112554112554 75.18993506493507 95.94155844155843 83.30681818181819 113.52813852813851 84.32142857142856
images/image61.jpg 75.40725806451613 2.5120967741935374 224.80241935483872 149.4879032258064 121.97983870967744 61.78629032258061 161.2943548387097 77.81451612903223 106.85887096774195 105.93951612903223 104.13709677419357 137.99596774193543 136.4959677419355 142.22983870967738
images/image62.jpg 9.296536796536785 26.917748917748895 95.30032467532466 113.56818181818181 36.77895021645021 84.79247835497833 60.05817099567098 81.55925324675323 43.24540043290041 104.19182900432898 48.09523809523809 118.74134199134198 67.17126623376622 107.7483766233766
images/image63.jpg 45.27976190476189 7.05844155844153 203.27218614718618 183.6845238095238 108.5292207792208 104.95075757575756 149.73322510822513 104.4258658008658 128.47510822510824 132.50757575757575 104.85497835497836 164.52597402597402 155.24458874458878 166.10064935064935
images/image64.jpg 38.590909090909065 12.422077922077847 151.57792207792204 140.66883116883113 96.05844155844153 82.22727272727269 125.92857142857139 77.3571428571428 120.40909090909088 95.21428571428567 99.62987012987011 122.16233766233762 127.87662337662334 120.53896103896102
images/image65.jpg 49.297077922077904 35.66071428571428 175.61607142857147 174.15503246753246 97.69399350649351 111.14772727272728 126.0016233766234 110.23457792207793 109.86931818181819 130.93262987012986 91.91071428571428 158.3271103896104 128.43668831168833 158.3271103896104
images/image66.jpg 67.84677419354838 7.653225806451587 117.74596774193549 58.1572580645161 94.45967741935485 39.4072580645161 106.55645161290323 37.89516129032256 103.53225806451616 46.060483870967715 95.97177419354841 55.737903225806434 107.16129032258067 55.737903225806434
images/image67.jpg 110.36634199134201 5.483766233766204 245.78841991341994 129.620670995671 153.66991341991346 72.6699134199134 191.46212121212125 64.00919913419912 177.02759740259742 78.18127705627705 166.79220779220782 113.08658008658008 199.07305194805198 106.26298701298701
images/image68.jpg 29.626623376623343 3.551948051948102 118.89610389610388 85.54058441558445 62.86525974025972 41.85551948051952 86.92370129870127 42.17207792207796 75.52759740259737 56.41720779220782 63.81493506493504 74.77759740259742 87.55681818181816 74.46103896103898
images/image69.jpg 82.17775974025975 12.287878787878753 156.96401515151518 109.62418831168827 119.57088744588748 59.10064935064932 135.8411796536797 62.24053030303028 126.13609307359309 73.08739177489176 110.43668831168833 89.64312770562768 136.1266233766234 93.6393398268398
images/image70.jpg 66.80443548387098 30.771370967741944 145.10282258064515 110.94677419354838 97.37298387096774 73.40645161290323 117.21572580645159 73.67459677419353 107.02620967741933 84.66854838709676 94.95967741935482 100.75725806451612 116.1431451612903 101.29354838709676
images/image71.jpg 67.84090909090911 3.064935064935071 153.33333333333331 96.14935064935065 115.70346320346322 50.92748917748918 140.7900432900433 56.86904761904762 135.17857142857144 70.4025974025974 110.75216450216452 81.62554112554113 127.91666666666667 91.52813852813853
images/image72.jpg 44.2862554112554 68.37445887445887 89.36877705627705 112.87527056277057 63.19182900432901 91.35200216450215 74.82602813852813 86.40746753246754 73.08089826839827 91.64285714285714 68.42721861471861 105.89475108225108 80.06141774891776 102.11363636363637
images/image73.jpg 201.04838709677415 30.79919354838711 248.8588709677419 81.18629032258065 216.79435483870964 55.420161290322596 228.8185483870967 57.13790322580647 221.6612903225806 60.57338709677421 217.9395161290322 74.31532258064516 226.8145161290322 74.31532258064516
images/image74.jpg 93.7883064516129 6.018548387096786 145.29032258064515 62.274596774193554 106.99395161290323 38.504435483870964 121.78427419354838 34.27862903225807 113.33266129032259 42.46612903225807 116.50201612903226 57.25645161290322 128.65120967741936 53.03064516129032
images/image75.jpg 73.03896103896102 7.657467532467535 147.00405844155847 99.27678571428572 101.04220779220779 60.011363636363626 122.04464285714286 59.09821428571428 111.69561688311688 73.70860389610391 100.12905844155844 96.23295454545456 120.8271103896104 95.62418831168833
images/image76.jpg 46.235119047619 13.865530303030255 162.15773809523805 153.9155844155844 101.9778138528138 97.34090909090907 135.81168831168827 91.51704545454544 131.65178571428567 122.02299783549782 111.12959956709952 146.42775974025972 139.69426406926402 143.93181818181816
images/image77.jpg 18.554383116883088 78.88311688311688 56.60227272727272 121.49675324675326 33.77353896103894 103.23376623376623 45.03571428571428 101.40746753246754 39.55681818181816 109.32142857142858 34.6866883116883 119.06168831168833 43.20941558441558 117.84415584415586
images/image78.jpg 31.657258064516135 5.117943548387132 110.94153225806454 82.73891129032259 59.65625000000001 60.83870967741936 77.95262096774195 51.413306451612925 67.14112903225808 70.8185483870968 69.9133064516129 84.67943548387098 82.94254032258064 78.02620967741936
images/image79.jpg 21.804435483870968 2.179233870967721 145.68447580645162 143.23971774193546 74.85282258064515 81.751814516129 107.70665322580646 82.0532258064516 91.4304435483871 101.64495967741932 66.4133064516129 126.66209677419351 102.88407258064515 132.69032258064513
images/image80.jpg 63.91341991341991 6.008658008657989 185.42586580086584 146.94209956709955 114.5654761904762 84.47997835497836 147.8961038961039 85.00487012987011 130.57467532467535 100.22673160173159 109.05411255411255 127.5211038961039 142.90963203463207 131.72023809523807
images/image81.jpg 71.51704545454544 16.484577922077904 138.4813311688312 97.14610389610391 88.25811688311688 64.27272727272728 105.30357142857144 66.09902597402598 86.7362012987013 79.79626623376623 90.08441558441558 91.05844155844156 102.86850649350649 90.14529220779221
images/image82.jpg 115.65423387096774 38.38407258064518 178.02822580645162 116.00504032258065 139.21774193548387 82.18447580645162 154.4647177419355 84.125 143.37600806451613 91.88709677419357 135.05947580645162 104.9163306451613 151.1381048387097 106.5796370967742
images/image83.jpg 104.06764069264071 22.280303030303003 156.8192640692641 83.1677489177489 125.0633116883117 56.92316017316017 138.97294372294374 57.71049783549782 131.0995670995671 65.84632034632034 124.53841991341992 77.65638528138527 136.08603896103898 77.65638528138527
images/image84.jpg 64.82061688311688 87.10146103896105 135.13311688311688 163.80600649350652 94.95454545454547 131.84577922077924 111.39123376623377 127.28003246753246 106.2167207792208 138.84659090909093 98.91152597402598 155.28327922077924 119.0008116883117 153.1525974025974
images/image85.jpg 83.57196969696969 15.456709956709943 207.4464285714286 155.60281385281385 114.27813852813853 97.60227272727272 142.0974025974026 91.56601731601731 117.95238095238096 115.71103896103895 123.46374458874459 143.7927489177489 151.28300865800867 137.23160173160173
images/image86.jpg 93.23790322580646 23.908669354838707 152.8366935483871 92.18689516129032 118.11895161290323 52.84012096774194 128.53427419354838 66.43790322580645 113.2006048387097 63.25544354838709 99.31350806451613 61.80887096774194 112.04334677419357 75.9852822580645
images/image87.jpg 130.75000000000003 1.9072580645161281 204.8427419354839 81.74596774193546 156.75806451612905 42.4314516129032 174.90322580645164 45.758064516129025 159.47983870967744 56.94758064516128 150.10483870967744 68.43951612903223 169.45967741935485 71.16129032258061
images/image88.jpg 50.65259740259738 3.235389610389632 129.79220779220776 98.83603896103898 72.49512987012987 56.41720779220782 95.6038961038961 55.46753246753249 80.09253246753245 71.92857142857144 76.29383116883115 89.65584415584419 93.70454545454545 86.80681818181822
images/image89.jpg 40.72580645161289 39.10161290322583 124.03629032258061 117.54516129032258 69.06854838709677 85.48064516129031 87.96370967741933 74.88790322580647 74.22177419354838 95.5008064516129 88.82258064516128 108.38387096774194 101.133064516129 93.21048387096775
images/image90.jpg 138.31048387096774 10.856854838709666 201.72782258064512 82.98387096774192 168.79435483870964 51.41129032258064 188.66330645161287 49.778225806451616 187.30241935483872 60.393145161290306 171.24395161290323 76.99596774193546 192.4737903225806 76.4516129032258
images/image91.jpg 126.51612903225808 6.745967741935459 223.89516129032262 110.77822580645159 149.1975806451613 67.83467741935482 176.7177419354839 64.508064516129 152.2217741935484 82.04838709677418 147.38306451612905 102.61290322580642 171.2741935483871 100.19354838709674
images/image92.jpg 96.17207792207793 31.703733766233768 186.87824675324677 131.84577922077924 118.69642857142858 74.92613636363637 141.52516233766235 74.62175324675326 114.43506493506493 87.71022727272728 115.3482142857143 112.97402597402598 136.9594155844156 109.01704545454547
images/image93.jpg 80.00806451612902 5.654838709677421 156.0100806451613 99.68104838709677 123.26612903225808 53.71935483870968 142.1915322580645 55.22137096774193 147.2983870967742 67.53790322580645 120.86290322580646 81.05604838709678 138.28629032258064 87.36451612903224
images/image94.jpg 70.9082792207792 4.309253246753229 126.91477272727275 72.1866883116883 91.91071428571428 42.66152597402598 109.26055194805195 43.87905844155844 100.73782467532467 55.14123376623377 94.34577922077924 65.18587662337663 107.73863636363637 64.5771103896104
images/image95.jpg 25.118951612903224 1.792741935483889 150.8366935483871 103.47620967741935 58.66129032258063 48.27661290322581 84.80846774193549 38.504435483870964 65.79233870967741 70.46209677419355 80.05443548387098 93.1758064516129 102.23991935483872 83.93185483870968
images/image96.jpg 149.1975806451613 32.28528225806454 220.71975806451613 113.23286290322581 175.81048387096774 71.09576612903228 194.66129032258067 83.01612903225808 177.75100806451613 90.77822580645162 161.67237903225808 93.55040322580646 175.81048387096774 105.74798387096774
images/image97.jpg 17.945616883116855 6.744318181818187 190.83522727272728 211.28977272727275 75.16964285714286 111.75649350649351 126.61038961038963 135.80275974025975 91.60633116883116 159.5446428571429 52.949675324675326 170.50243506493507 96.17207792207793 196.375
images/image98.jpg 49.27272727272725 28.833333333333286 149.27272727272728 131.25757575757575 90.78787878787878 86.71212121212119 112.6060606060606 80.0454545454545 104.42424242424241 95.19696969696966 97.75757575757575 118.22727272727269 123.21212121212122 113.68181818181816
images/image99.jpg 47.34442640692637 43.81682900432898 159.6617965367965 161.40340909090907 83.9515692640692 112.59388528138525 111.96158008658003 105.66071428571425 89.498106060606 134.22537878787875 97.81791125541119 153.08360389610388 119.17207792207788 146.15043290043286
images/image100.jpg 119.25806451612905 10.97983870967741 173.9959677419355 70.85887096774192 143.45161290322582 47.87499999999997 158.5725806451613 47.57258064516128 149.50000000000003 57.85483870967741 143.75403225806454 68.13709677419354 156.45564516129033 67.5322580645161
images/image101.jpg 79.43100649350649 82.23133116883116 126.91477272727275 127.28003246753246 103.47727272727272 113.58279220779221 116.26136363636365 109.01704545454547 116.26136363636365 116.62662337662337 107.12987012987014 125.45373376623377 118.69642857142858 124.2362012987013
images/image102.jpg 125.63407258064518 2.068548387096797 196.87903225806454 88.56048387096774 157.51411290322582 50.85887096774195 175.53326612903228 48.0866935483871 168.0483870967742 65.55141129032259 160.00907258064518 78.85786290322582 179.96875 76.08568548387098
images/image103.jpg 39.63257575757574 5.840638528138527 122.23538961038963 93.96969696969697 89.65963203463204 54.7042748917749 107.9834956709957 50.05059523809524 107.69264069264071 62.55735930735932 91.98647186147187 80.299512987013 110.60119047619048 78.8452380952381
images/image104.jpg 93.25000000000003 5.233870967741922 196.0725806451613 116.82661290322578 135.89112903225808 58.76209677419354 164.01612903225808 59.06451612903223 148.8951612903226 83.56048387096772 147.08064516129033 112.59274193548384 153.12903225806454 111.383064516129
images/image105.jpg 59.03733766233765 33.22564935064935 159.17938311688314 155.89204545454547 97.99837662337663 94.40665584415584 126.91477272727275 94.71103896103895 110.78246753246754 116.62662337662337 99.52029220779221 137.32467532467535 122.04464285714286 136.41152597402598
images/image106.jpg 150.5070564516129 7.906048387096746 197.5272177419355 67.58548387096772 171.60584677419354 37.74576612903223 181.85383064516128 45.58245967741934 168.29032258064515 50.40504032258062 158.64516129032256 57.03608870967739 170.40020161290323 64.87278225806449
images/image107.jpg 50.16369047619047 33.93749999999997 120.56547619047618 108.01488095238093 75.89285714285714 81.15476190476187 97.38095238095238 79.45833333333331 78.72023809523807 95.85714285714283 84.6577380952381 106.88392857142856 102.4702380952381 100.66369047619045
images/image108.jpg 106.25403225806454 7.955645161290306 186.0927419354839 97.77419354838707 137.70564516129033 56.04032258064515 159.17741935483872 56.64516129032256 146.77822580645162 68.13709677419354 136.7983870967742 85.07258064516125 156.75806451612905 84.46774193548384
images/image109.jpg 104.56552419354841 21.751008064516157 204.91834677419357 149.8256048387097 144.76209677419357 93.82762096774195 179.13709677419357 90.50100806451613 162.50403225806454 113.5100806451613 146.97983870967744 137.35080645161293 178.3054435483871 137.35080645161293
images/image110.jpg 104.90221774193549 12.796975806451627 176.72983870967744 105.81512096774193 137.65120967741936 65.91088709677419 160.21774193548387 62.6084677419355 151.9616935483871 81.87258064516129 140.40322580645162 97.28387096774193 160.4929435483871 93.15584677419355
images/image111.jpg 90.39516129032259 9.16774193548386 141.66129032258064 70.18387096774191 118.38709677419357 43.13548387096773 132.22580645161293 43.44999999999999 132.85483870967744 52.25645161290322 119.64516129032259 61.691935483870964 131.91129032258064 62.00645161290322
images/image112.jpg 196.0725806451613 3.1169354838709467 256.55645161290323 62.69354838709674 221.1733870967742 35.17338709677418 236.89919354838713 29.42741935483869 235.99193548387098 38.49999999999997 226.9193548387097 53.31854838709674 241.13306451612902 51.201612903225794
images/image113.jpg 111.67857142857144 25.429653679653654 183.8511904761905 114.13636363636363 139.49783549783552 67.94588744588742 162.85551948051952 70.83279220779218 148.94588744588748 80.28084415584414 132.93668831168833 95.7651515151515 157.34415584415586 100.22673160173159
images/image114.jpg 56.53354978354976 3.49080086580085 175.24296536796533 129.9788961038961 104.55844155844152 69.10227272727272 131.95292207792204 76.88095238095238 111.66071428571423 89.05627705627705 87.64826839826834 103.93722943722943 123.83603896103891 115.4361471861472
images/image115.jpg 26.272727272727238 14.049512987012974 191.24837662337663 207.02840909090912 96.88961038961037 113.2784090909091 136.15503246753244 111.4521103896104 116.37012987012983 140.67288961038963 89.88879870129867 174.7637987012987 141.32954545454544 175.37256493506493
images/image116.jpg 129.54032258064518 11.887096774193537 211.19354838709677 126.50403225806448 171.87903225806454 59.669354838709666 196.37500000000003 60.576612903225794 190.62903225806454 78.41935483870967 170.06451612903228 108.96370967741933 192.74596774193552 108.66129032258061
images/image117.jpg 80.03219696969697 103.14204545454544 138.89583333333331 164.10795454545453 101.75568181818181 135.37689393939394 116.82196969696969 136.42803030303028 107.36174242424241 144.4867424242424 98.60227272727272 154.64772727272725 114.71969696969697 156.0492424242424
images/image118.jpg 48.49193548387097 7.048387096774178 134.37903225806454 111.08064516129029 80.24596774193549 58.76209677419354 106.85887096774195 58.45967741935482 91.43548387096774 67.22983870967741 81.75806451612905 92.633064516129 105.6491935483871 92.93548387096772
images/image119.jpg 159.14112903225808 35.46733870967745 237.67943548387095 122.01975806451614 190.2358870967742 86.43709677419355 209.46975806451613 81.30806451612904 202.09677419354838 93.16895161290324 198.25 112.08225806451614 214.59879032258064 107.91491935483872
images/image120.jpg 82.56655844155844 30.97402597402595 139.92857142857144 91.3392857142857 113.19967532467533 63.40909090909088 128.81655844155844 63.70941558441555 124.3116883116883 70.91720779220776 113.5 82.93019480519479 126.71428571428572 83.23051948051946
images/image121.jpg 110.42237903225806 8.633064516129082 191.6068548387097 106.17338709677422 132.42842741935482 58.29536290322585 157.7056451612903 53.834677419354875 143.13407258064518 71.08266129032262 147.0 92.49395161290326 154.7318548387097 92.49395161290326
images/image122.jpg 82.47483766233765 4.6136363636363455 158.87500000000003 99.88555194805195 114.43506493506493 50.87987012987014 133.00243506493507 58.489448051948045 117.47889610389612 67.01217532467533 101.3465909090909 79.79626623376623 120.52272727272728 86.49269480519482
images/image123.jpg 40.35714285714283 2.809523809523796 135.88203463203462 112.24945887445887 79.8457792207792 63.73484848484847 102.41071428571428 62.982683982683966 89.2478354978355 79.15422077922076 73.45238095238093 97.58225108225108 101.6585497835498 99.08658008658006
images/image124.jpg 39.55681818181816 31.39935064935065 104.69480519480521 97.14610389610391 55.68912337662337 63.66396103896105 74.25649350649351 65.49025974025975 54.77597402597402 74.92613636363637 58.428571428571416 91.36282467532467 75.47402597402598 86.1883116883117
images/image125.jpg 43.6225649350649 49.966720779220765 125.19724025974023 153.4569805194805 77.10470779220776 109.6258116883117 99.3246753246753 110.53896103896105 88.36688311688309 132.75892857142858 77.40909090909088 144.93425324675326 99.02029220779218 145.8474025974026
images/image126.jpg 63.915322580645174 6.443548387096769 119.86290322580646 70.85887096774192 100.81048387096774 40.61693548387095 113.81451612903228 42.4314516129032 113.51209677419357 50.596774193548356 95.6693548387097 57.24999999999997 110.48790322580646 62.39112903225805
images/image127.jpg 1.3855519480519263 19.47132034632037 74.03571428571429 90.6266233766234 40.25189393939392 59.23457792207796 53.70562770562769 51.76028138528142 59.386093073593074 60.43046536796541 46.82927489177489 79.26569264069266 62.375811688311686 74.78111471861476
images/image128.jpg 57.51542207792207 5.222402597402578 143.04707792207793 112.97402597402598 92.2150974025974 65.49025974025975 117.174512987013 65.79464285714286 103.47727272727272 84.362012987013 93.12824675324674 99.88555194805195 112.91314935064935 100.49431818181819
images/image129.jpg 59.984036796536785 3.924783549783598 145.78896103896108 113.049512987013 87.48944805194806 68.80167748917751 109.31439393939395 68.80167748917751 94.066829004329 85.84307359307363 87.7884199134199 104.08035714285717 110.5102813852814 103.18344155844159
images/image130.jpg 52.142857142857125 32.24107142857139 118.02083333333334 108.29761904761904 76.17559523809524 81.43749999999997 96.25 77.76190476190473 79.28571428571428 97.27083333333331 85.78869047619048 106.31845238095235 103.31845238095238 99.24999999999997
images/image131.jpg 66.18073593073592 23.88690476190476 127.80005411255411 98.87337662337663 95.19724025974025 62.3582251082251 114.43290043290042 62.3582251082251 105.30411255411255 68.87878787878788 94.87121212121212 86.48430735930737 114.1068722943723 86.48430735930737
images/image132.jpg 155.85080645161293 7.350806451612897 197.28225806451616 64.2056451612903 167.3427419354839 44.54838709677418 179.74193548387098 44.24596774193546 170.9717741935484 51.8064516129032 167.9475806451613 62.99596774193546 181.85887096774195 60.576612903225794
images/image133.jpg 91.18145161290323 5.334274193548424 139.90725806451613 65.60040322580647 114.90322580645162 42.51975806451614 127.7258064516129 41.23750000000001 124.52016129032259 48.93104838709678 114.90322580645162 58.22741935483873 129.96975806451613 57.26572580645163
images/image134.jpg 68.3993506493506 3.238636363636317 167.2061688311688 108.53084415584411 97.0113636363636 55.88474025974023 122.95292207792207 62.3701298701298 97.0113636363636 68.85551948051943 89.76298701298697 93.65259740259737 111.50811688311686 92.50811688311683
images/image135.jpg 140.20265151515156 58.488636363636346 228.63068181818187 187.01136363636363 177.27651515151518 134.83333333333331 201.71780303030306 134.83333333333331 190.18371212121218 156.52840909090907 174.80492424242425 173.82954545454544 198.97159090909093 174.6534090909091
images/image136.jpg 112.33870967741936 3.7314516129032427 221.0100806451613 117.85241935483872 170.68145161290323 56.304032258064524 193.4415322580645 57.26572580645163 197.92943548387098 75.8584677419355 171.32258064516128 100.54193548387099 198.57056451612902 102.78588709677419
images/image137.jpg 117.74596774193549 29.12499999999997 176.7177419354839 92.02822580645159 147.08064516129033 65.71774193548384 162.20161290322582 60.879032258064484 160.08467741935485 69.64919354838707 151.9193548387097 86.88709677419351 165.52822580645164 85.37499999999997
images/image138.jpg 176.41532258064518 3.4193548387096655 291.6370967741936 142.83467741935482 209.07661290322585 64.81048387096772 240.22580645161293 67.83467741935482 200.91129032258067 93.84274193548384 205.4475806451613 124.99193548387093 218.45161290322585 126.80645161290319
images/image139.jpg 61.35064935064932 31.101731601731586 130.34415584415584 119.84632034632034 89.75974025974025 77.63852813852813 109.24025974025972 78.7207792207792 99.77056277056275 93.60173160173159 90.030303030303 107.12987012987011 108.96969696969697 107.40043290043289
images/image140.jpg 120.26411290322581 43.81169354838704 173.36391129032256 102.06975806451608 140.89717741935482 77.79556451612899 156.06854838709677 77.79556451612899 148.17943548387098 85.68467741935478 142.71774193548384 97.82177419354835 152.73084677419354 96.60806451612899
images/image141.jpg 65.0 3.113306451612914 185.43548387096774 140.71612903225807 123.89717741935485 82.61129032258066 161.13709677419354 73.1032258064516 162.19354838709677 100.83508064516128 141.06451612903226 127.24637096774194 168.2681451612903 123.02056451612903
images/image142.jpg 55.49798387096775 33.116935483871 158.34576612903228 146.22177419354838 105.11995967741936 83.01612903225808 133.39616935483872 78.02620967741936 128.6834677419355 91.88709677419357 108.44657258064518 120.99495967741936 139.77217741935485 118.77721774193549
images/image143.jpg 75.17370129870127 26.21699134199133 204.29707792207796 153.76569264069263 115.3279220779221 96.81493506493506 142.6222943722944 91.56601731601731 120.83928571428572 115.44859307359307 125.30086580086581 145.10497835497836 151.0205627705628 136.70670995670997
images/image144.jpg 58.42045454545453 7.965909090909122 162.6818181818182 132.6818181818182 100.74999999999999 75.01136363636365 126.03409090909089 75.01136363636365 110.9772727272727 101.14772727272728 101.3181818181818 121.03409090909092 130.57954545454544 118.47727272727273
images/image145.jpg 31.858870967741943 9.165322580645153 124.09677419354841 106.54435483870965 68.75403225806451 61.48387096774192 89.62096774193549 61.48387096774192 78.12903225806451 76.9072580645161 67.5443548387097 99.28629032258061 89.3185483870968 99.58870967741933
images/image146.jpg 119.18145161290323 91.66290322580642 151.8709677419355 125.97338709677416 132.41935483870967 108.41290322580643 140.2540322580645 108.95322580645158 136.47177419354838 115.16693548387094 132.1491935483871 122.19112903225803 138.63306451612902 121.65080645161288
images/image147.jpg 63.81451612903226 17.038306451612925 139.49495967741936 110.46068548387098 84.32862903225808 63.33366935483872 105.95161290322582 63.33366935483872 85.16028225806454 76.08568548387098 81.27923387096774 96.3225806451613 102.07056451612905 95.49092741935485
images/image148.jpg 24.903225806451623 7.350806451612897 101.41532258064518 98.9838709677419 43.95564516129033 60.879032258064484 66.93951612903226 63.29838709677418 43.65322580645162 78.11693548387095 46.37500000000001 91.72580645161287 62.40322580645162 89.3064516129032
images/image149.jpg 80.24596774193549 3.1169354838709467 226.0120967741936 127.10887096774191 138.61290322580646 45.15322580645159 172.18145161290323 56.04032258064515 144.96370967741936 69.04435483870967 124.09677419354841 105.3346774193548 163.10887096774195 108.05645161290319
images/image150.jpg 48.49269480519476 5.222402597402578 139.5032467532467 100.49431818181819 88.97564935064932 60.62012987012986 109.06493506493504 53.61931818181819 102.97727272727269 72.49107142857142 98.71590909090907 94.71103896103895 116.97889610389606 91.9715909090909
images/image151.jpg 127.89516129032256 3.6629032258064456 172.44758064516128 58.73951612903224 148.24193548387095 33.13064516129032 163.3266129032258 35.23548387096773 157.01209677419354 42.25161290322578 148.94354838709677 51.02177419354837 159.81854838709677 52.42499999999998
images/image152.jpg 56.34334415584413 20.500541125541105 119.23836580086578 90.59117965367963 86.45833333333331 59.67667748917748 101.38257575757572 59.67667748917748 96.31899350649348 70.07034632034629 83.26028138528136 82.59604978354977 97.91801948051946 84.19507575757575
images/image153.jpg 71.78679653679654 38.551948051948045 159.18127705627708 156.1277056277056 112.4659090909091 99.96428571428571 136.08603896103898 101.53896103896103 126.11309523809524 118.8603896103896 108.00432900432901 137.75649350649348 134.24891774891776 138.28138528138527
images/image154.jpg 110.48790322580643 8.510483870967732 157.4727822580645 73.25342741935484 133.42540322580643 41.066935483870964 151.55342741935482 45.13649193548386 142.30443548387095 55.49536290322581 127.87600806451613 61.04475806451612 140.82459677419354 69.18387096774194
images/image155.jpg 16.866935483870975 7.760483870967789 122.24596774193549 121.08709677419355 44.536290322580655 62.804838709677455 73.08870967741936 62.51048387096776 39.82661290322581 81.05483870967743 49.83467741935485 109.01854838709679 76.32661290322582 101.95403225806453
images/image156.jpg 14.748376623376586 14.948051948051983 189.48863636363635 216.2792207792208 83.44155844155841 129.54220779220782 132.8246753246753 130.8084415584416 107.81655844155841 158.9821428571429 85.02435064935062 197.60227272727275 132.8246753246753 196.96915584415586
images/image157.jpg 71.2827380952381 44.81249999999994 130.43452380952385 128.8898809523809 95.83630952380955 85.73511904761901 113.32142857142861 91.31547619047615 103.27678571428572 97.26785714285711 85.41964285714286 111.40476190476187 102.5327380952381 118.10119047619042
images/image158.jpg 104.47619047619045 6.583333333333314 195.547619047619 116.70238095238093 131.55952380952377 72.0595238095238 153.5833333333333 76.22619047619045 134.53571428571425 90.2142857142857 129.47619047619045 106.28571428571428 152.69047619047615 106.58333333333331
images/image159.jpg 120.08971774193549 54.73991935483872 169.15725806451613 112.40120967741936 137.0 84.40221774193549 152.24697580645162 86.34274193548387 142.2671370967742 91.60987903225808 137.55443548387098 105.74798387096774 146.14818548387098 105.74798387096774
images/image160.jpg 104.69254032258064 44.67822580645159 171.30443548387098 123.04516129032255 136.34072580645162 75.72358870967739 158.94657258064515 71.50383064516126 153.21975806451613 80.84758064516126 137.24495967741936 103.15201612903222 158.34375 102.54919354838707
images/image161.jpg 12.369318181818159 7.7656926406926345 119.20779220779221 124.7164502164502 41.8268398268398 69.75838744588742 69.08603896103895 68.43939393939394 40.06818181818181 86.46563852813853 40.94751082251082 108.00919913419915 72.16369047619045 104.49188311688312
images/image162.jpg 92.64989177489177 23.291937229437224 191.2497294372294 143.12418831168833 144.71293290043286 79.71780303030303 171.18073593073592 85.5349025974026 169.72646103896102 100.65936147186147 137.15070346320346 115.78382034632034 161.58252164502164 128.29058441558442
images/image163.jpg 22.249999999999986 10.062499999999943 100.37499999999999 100.06249999999997 51.937499999999986 59.12499999999997 75.99999999999999 59.12499999999997 63.499999999999986 70.99999999999997 52.249999999999986 85.68749999999997 74.43749999999999 85.06249999999997
images/image164.jpg 43.95564516129033 62.08870967741933 126.21370967741936 143.1370967741935 63.612903225806456 89.91129032258061 93.55241935483872 88.39919354838707 66.63709677419357 105.93951612903223 71.1733870967742 129.8306451612903 87.80645161290323 124.99193548387093
images/image165.jpg 77.60714285714286 136.3303571428571 126.34226190476193 188.04166666666663 98.06845238095241 167.2083333333333 111.08928571428572 165.72023809523807 107.36904761904765 173.16071428571425 106.99702380952385 183.57738095238093 114.80952380952385 181.71726190476187
images/image166.jpg 92.64516129032259 9.770161290322562 201.21370967741936 118.33870967741932 135.58870967741936 59.36693548387095 162.50403225806454 58.76209677419354 148.8951612903226 84.16532258064512 146.1733870967742 112.29032258064512 153.12903225806454 111.08064516129029
images/image167.jpg 60.44453463203462 13.257575757575779 132.6103896103896 87.57305194805198 79.17694805194805 48.87987012987014 100.36607142857142 48.57278138528142 80.09821428571428 67.91937229437232 81.94074675324674 82.65963203463207 99.44480519480518 78.66747835497839
images/image168.jpg 163.41129032258067 8.862903225806434 282.2620967741936 159.16532258064512 223.5927419354839 94.14516129032256 254.1370967741936 93.84274193548384 244.15725806451616 121.06048387096772 220.56854838709677 146.46370967741933 249.60080645161293 147.97580645161287
images/image169.jpg 49.37337662337663 14.46969696969694 151.28760822510824 138.77164502164499 101.83414502164501 79.29383116883113 131.90719696969697 79.29383116883113 120.88041125541125 99.00838744588742 102.83658008658008 122.73268398268397 118.54139610389609 123.400974025974
images/image170.jpg 15.20616883116881 6.439935064935071 200.57548701298705 210.98538961038963 91.30194805194805 119.67045454545456 133.6112012987013 120.58360389610391 110.47808441558442 152.54383116883116 83.99675324675326 188.15665584415586 141.22077922077924 189.67857142857144
images/image171.jpg 19.694556451612904 5.193346774193515 148.6985887096774 145.9524193548387 73.94858870967741 80.54616935483867 108.30947580645162 82.0532258064516 90.52620967741936 100.439314516129 66.4133064516129 127.56633064516126 103.7883064516129 132.08749999999998
images/image172.jpg 100.78787878787878 80.65151515151513 150.1818181818182 124.28787878787875 125.33333333333331 107.01515151515147 133.5151515151515 100.0454545454545 138.36363636363637 106.40909090909088 128.36363636363635 116.40909090909088 140.1818181818182 113.37878787878785
images/image173.jpg 69.38636363636363 36.573863636363626 134.21996753246754 103.84253246753246 93.43262987012986 74.01298701298703 111.08685064935065 74.31737012987014 96.17207792207793 88.0146103896104 94.34577922077924 99.88555194805195 108.3474025974026 98.36363636363637
images/image174.jpg 88.99495967741936 8.173991935483855 158.40524193548387 65.76975806451611 127.9828629032258 35.05201612903227 141.2741935483871 29.14475806451614 146.2953629032258 37.11955645161291 131.5272177419355 54.84133064516129 148.36290322580646 51.2969758064516
images/image175.jpg 87.10080645161293 38.66129032258067 159.7318548387097 137.62802419354838 110.94153225806454 81.90725806451613 132.2872983870968 87.17439516129033 108.72379032258067 101.03528225806453 94.86290322580646 120.71774193548387 126.18850806451613 127.09375
images/image176.jpg 74.56087662337663 24.094155844155836 169.22402597402598 140.97727272727275 106.52110389610391 83.75324675324674 135.74188311688314 89.53652597402598 115.95698051948054 104.75568181818181 97.69399350649351 122.10551948051949 131.17613636363637 126.36688311688312
images/image177.jpg 60.50162337662338 5.2213203463203115 190.1498917748918 149.82900432900433 112.4659090909091 71.09523809523807 148.1585497835498 70.04545454545453 130.04978354978357 96.81493506493506 112.4659090909091 123.05952380952381 146.32142857142858 124.63419913419912
images/image178.jpg 23.599837662337634 5.204545454545439 117.3173701298701 108.76920995670997 63.327922077922054 62.92911255411255 89.4737554112554 61.91044372294371 77.58928571428568 80.92559523809524 62.309253246753215 94.50784632034632 87.77597402597401 94.50784632034632
images/image179.jpg 134.22782258064518 4.840725806451644 198.26512096774195 83.29334677419357 164.7217741935484 49.19556451612905 183.5725806451613 47.809475806451644 180.52318548387098 62.2247983870968 161.3951612903226 70.8185483870968 181.35483870967744 75.25403225806454
images/image180.jpg 65.875 2.025000000000034 174.4375 78.24375 109.75 25.931250000000006 137.3125 19.181250000000006 128.03125 40.275000000000006 122.40625 69.80625 145.1875 65.86875
images/image181.jpg 128.5194805194805 16.858766233766204 211.40909090909088 105.15422077922076 163.0568181818182 58.003246753246714 180.17532467532465 68.51461038961037 160.95454545454544 72.71915584415581 144.13636363636363 81.42857142857142 161.5551948051948 95.54383116883113
images/image182.jpg 8.214285714285666 5.607142857142833 204.0746753246753 218.74025974025972 79.77272727272724 110.47727272727269 116.16883116883112 112.01948051948048 90.56818181818177 142.86363636363635 67.12662337662333 185.4285714285714 111.54220779220775 189.74675324675323
images/image183.jpg 46.05762987012983 5.526785714285694 141.02516233766232 105.66883116883116 87.45373376623374 62.446428571428584 109.67370129870127 56.66314935064935 102.67288961038957 72.79545454545453 98.41152597402595 95.62418831168833 116.67451298701295 92.88474025974025
images/image184.jpg 14.293019480519462 7.048701298701303 199.96672077922082 212.81168831168833 88.25811688311688 121.80113636363637 143.96022727272728 125.75811688311688 111.08685064935065 151.3262987012987 85.82305194805195 191.20048701298703 148.22159090909093 183.89529220779224
images/image185.jpg 119.86290322580646 3.4193548387096655 189.7217741935484 62.08870967741933 138.31048387096777 33.66129032258064 157.9677419354839 34.87096774193546 140.72983870967744 45.455645161290306 138.31048387096777 59.669354838709666 153.12903225806454 56.94758064516128
images/image186.jpg 59.780303030303045 27.26190476190473 124.59632034632038 96.66666666666663 82.1504329004329 69.70779220779218 99.64502164502166 69.99458874458873 89.60714285714288 82.61363636363635 83.01082251082254 94.37229437229433 97.35064935064936 93.79870129870127
images/image187.jpg 6.595238095238074 5.982142857142833 194.83928571428572 224.6726190476191 82.54761904761905 127.11309523809524 129.6904761904762 124.82142857142858 104.80952380952381 160.17857142857144 80.25595238095237 209.61309523809527 132.3095238095238 209.28571428571433
images/image188.jpg 46.862012987012974 10.39691558441558 117.78327922077924 86.49269480519482 68.16883116883116 46.31412337662337 91.91071428571428 43.574675324675326 73.03896103896102 60.31574675324674 71.51704545454544 79.49188311688312 93.43262987012986 72.1866883116883
images/image189.jpg 66.27543290043289 37.23971861471858 165.47997835497839 127.258658008658 118.5021645021645 89.72889610389609 138.71049783549785 83.1677489177489 140.81006493506496 100.22673160173159 127.68777056277057 118.33549783549783 145.79653679653683 113.61147186147186
images/image190.jpg 123.25 4.5 189.8125 73.25 149.5 43.25 167.3125 43.5625 157.3125 55.125 148.875 65.75 167.0 65.125
images/image191.jpg 25.98214285714286 115.88095238095238 83.24404761904762 173.5297619047619 46.10119047619048 147.99404761904762 61.57738095238096 147.99404761904762 52.678571428571416 154.57142857142858 46.10119047619048 167.33928571428572 59.64285714285714 166.17857142857144
images/image192.jpg 49.74134199134199 38.551948051948045 134.51136363636365 98.38961038961038 80.44751082251082 82.64285714285714 93.04491341991343 73.19480519480518 89.63311688311688 89.2040043290043 97.7689393939394 101.27651515151514 108.5292207792208 90.25378787878788
images/image193.jpg 66.0806277056277 14.46969696969694 153.29247835497833 97.00351731601728 88.80248917748918 62.58658008658006 108.51704545454547 64.59145021645017 89.4707792207792 88.31574675324671 97.82440476190476 100.01082251082249 110.8560606060606 93.66206709956705
images/image194.jpg 99.60080645161293 1.9072580645161281 223.5927419354839 114.7096774193548 144.96370967741936 49.38709677419354 184.88306451612905 48.7822580645161 169.45967741935485 73.883064516129 147.68548387096777 98.9838709677419 188.81451612903228 95.95967741935482
images/image195.jpg 104.08603896103895 24.398538961038952 205.1412337662338 130.32386363636363 139.09009740259742 70.96915584415584 161.31006493506496 83.75324675324674 129.34983766233768 81.92694805194805 121.43587662337663 105.36444805194805 143.35146103896105 111.4521103896104
images/image196.jpg 82.62337662337663 34.232683982683966 167.09848484848487 146.98701298701297 118.51623376623377 88.97835497835496 146.07034632034635 95.86688311688309 137.73160173160176 108.91883116883116 108.36471861471861 118.70779220779218 133.3809523809524 128.49675324675323
images/image197.jpg 99.51612903225808 3.090322580645193 226.45967741935485 103.42701612903227 137.6633064516129 29.69717741935486 167.79637096774195 35.787903225806474 123.23790322580646 47.0076612903226 122.91733870967744 80.34637096774193 157.21774193548387 78.74354838709678
images/image198.jpg 63.65097402597403 20.18073593073592 185.68831168831173 147.99188311688312 112.72835497835499 83.43019480519479 145.00919913419915 85.267316017316 127.4253246753247 107.05032467532467 113.77813852813853 130.93290043290042 141.8598484848485 130.14556277056278
images/image199.jpg 149.1975806451613 15.213709677419331 211.19354838709677 69.64919354838707 172.18145161290323 42.73387096774192 189.7217741935484 38.19758064516128 183.6733870967742 51.504032258064484 176.41532258064518 66.92741935483869 197.28225806451616 61.78629032258061
images/image200.jpg 120.16532258064518 9.770161290322562 188.51209677419357 87.18951612903223 149.50000000000003 50.596774193548356 172.18145161290323 51.8064516129032 167.6451612903226 65.71774193548384 148.8951612903226 77.20967741935482 168.55241935483872 79.9314516129032
images/image201.jpg 62.08116883116881 22.87662337662337 209.70698051948054 189.98295454545456 108.95616883116884 98.66801948051949 156.74431818181822 105.06006493506493 101.3465909090909 130.32386363636363 101.65097402597402 165.93668831168833 145.78652597402598 166.84983766233768
images/image202.jpg 71.78679653679654 20.705627705627677 181.7516233766234 158.4897186147186 118.7646103896104 85.00487012987011 143.69696969696972 88.15422077922076 125.58820346320348 108.36255411255411 109.05411255411255 139.33116883116884 139.49783549783552 140.90584415584414
images/image203.jpg 44.72727272727272 7.920454545454504 147.0284090909091 123.8863636363636 83.875 64.7954545454545 113.05113636363635 66.27272727272722 98.2784090909091 85.84659090909088 85.35227272727272 102.46590909090907 112.31249999999997 103.20454545454541