29.162337662337663 36.19264069264069
38.253246753246756 29.266233766233753
24.573593073593074 31.690476190476183
25.439393939393938 30.39177489177488
30.114718614718612 27.534632034632025
27.603896103896105 31.603896103896098
24.573593073593074 35.153679653679646
30.46103896103896 32.81601731601731
27.344155844155843 39.39610389610389
23.448051948051948 13.59523809523808
28.72943722943723 32.46969696969696
26.997835497835496 38.530303030303024
27.603896103896105 34.893939393939384
26.738095238095234 38.963203463203456
31.153679653679653 33.335497835497826
37.214285714285715 38.61688311688311
25.87229437229437 29.266233766233753
16.781385281385276 27.274891774891763
27.950216450216452 33.24891774891774
28.9025974025974 29.6125541125541
31.153679653679653 33.335497835497826
29.50865800865801 34.46103896103895
26.47835497835498 33.335497835497826
21.629870129870127 33.42207792207791
23.188311688311686 31.25757575757575
33.49134199134199 23.37878787878787
32.192640692640694 33.85497835497834
31.67316017316017 33.335497835497826
28.209956709956707 38.27056277056276
27.170995670995666 31.517316017316006
28.46969696969697 30.65151515151514
32.45238095238095 24.41774891774891
22.149350649350644 23.292207792207783
30.980519480519483 30.21861471861471
30.28787878787879 35.932900432900425
28.383116883116884 37.23160173160172
35.222943722943725 23.465367965367953
27.777056277056275 27.361471861471856
23.015151515151516 34.893939393939384
29.248917748917748 40.43506493506493
32.365800865800864 39.136363636363626
27.86363636363636 33.42207792207791
26.391774891774887 26.66883116883116
21.02380952380952 34.28787878787878
42.06277056277057 28.573593073593067
35.91558441558442 44.67748917748917
31.153679653679653 34.28787878787878
35.65584415584416 27.18831168831168
24.227272727272727 34.114718614718605
26.738095238095234 34.20129870129869
23.967532467532465 39.48268398268397
26.47835497835498 25.37012987012986
29.422077922077918 35.58658008658008
24.83333333333333 33.85497835497834
34.79004329004329 35.58658008658008
26.738095238095234 34.46103896103895
28.036796536796537 35.932900432900425
20.158008658008654 17.145021645021636
25.439393939393938 31.25757575757575
26.564935064935064 33.59523809523809
24.05411255411255 34.893939393939384
23.361471861471856 29.699134199134193
27.344155844155843 43.725108225108215
27.344155844155843 33.85497835497834
25.785714285714285 42.16666666666666
20.331168831168824 39.39610389610389
31.67316017316017 28.746753246753237
29.335497835497833 32.81601731601731
22.49567099567099 21.906926406926395
25.525974025974023 40.08874458874458
27.603896103896105 29.43939393939393
33.92424242424242 32.38311688311688
24.91991341991342 39.82900432900432
28.383116883116884 31.43073593073592
34.010822510822514 36.62554112554112
21.629870129870127 39.39610389610389
25.6991341991342 29.352813852813846
27.170995670995666 32.46969696969696
30.028138528138527 35.41341991341991
39.638528138528144 24.41774891774891
33.75108225108225 36.19264069264069
15.222943722943718 24.071428571428562
22.06277056277056 26.66883116883116
28.989177489177486 31.25757575757575
27.517316017316013 28.054112554112542
25.525974025974023 38.09740259740259
26.391774891774887 33.59523809523809
28.46969696969697 36.01948051948051
26.91125541125541 31.517316017316006
28.64285714285714 31.950216450216445
28.383116883116884 35.67316017316016
31.759740259740262 26.149350649350637
30.980519480519483 29.6125541125541
28.29653679653679 32.98917748917748
33.23160173160173 30.911255411255404
26.564935064935064 30.82467532467532
30.028138528138527 33.42207792207791
28.72943722943723 36.712121212121204
27.08441558441558 33.162337662337656
28.383116883116884 36.106060606060595
26.218614718614717 30.47835497835497
19.725108225108222 28.313852813852805
26.564935064935064 25.19696969696969
26.3051948051948 33.162337662337656
23.534632034632033 29.872294372294363
33.66450216450217 25.80303030303029
29.422077922077918 33.85497835497834
24.83333333333333 34.02813852813852
34.79004329004329 33.59523809523809
28.816017316017316 28.40043290043289
32.192640692640694 27.361471861471856
32.01948051948052 35.75974025974025
25.6991341991342 36.36580086580086
27.344155844155843 34.20129870129869
35.13636363636364 30.99783549783549
36.002164502164504 35.24025974025973
30.634199134199136 32.2099567099567
28.64285714285714 34.28787878787878
22.84199134199134 40.26190476190475
28.036796536796537 40.86796536796536
23.88095238095238 36.885281385281374
17.127705627705623 34.02813852813852
28.383116883116884 32.98917748917748
28.209956709956707 34.02813852813852
25.785714285714285 28.83333333333332
29.335497835497833 31.25757575757575
29.248917748917748 32.2099567099567
22.582251082251076 24.937229437229426
34.87662337662338 33.335497835497826
25.352813852813853 30.21861471861471
38.77272727272728 26.149350649350637
27.430735930735928 34.46103896103895
22.84199134199134 33.075757575757564
32.365800865800864 29.785714285714278
21.28354978354978 12.469696969696962
26.391774891774887 37.751082251082245
27.170995670995666 35.67316017316016
25.439393939393938 34.893939393939384
29.768398268398265 24.764069264069256
30.46103896103896 28.66017316017315
32.365800865800864 31.863636363636353
25.958874458874455 28.140692640692635
33.14502164502164 28.487012987012974
25.958874458874455 24.158008658008647
27.777056277056275 35.58658008658008
25.26623376623376 30.911255411255404
45.61255411255412 30.04545454545454
34.79004329004329 31.344155844155836
20.158008658008654 31.777056277056268
36.86796536796537 35.41341991341991
22.409090909090907 27.794372294372288
22.66883116883117 26.23593073593073
22.06277056277056 26.322510822510814
31.326839826839823 29.266233766233753
28.9025974025974 26.495670995670984
31.932900432900432 30.65151515151514
30.28787878787879 29.0064935064935
23.534632034632033 28.746753246753237
31.846320346320347 36.01948051948051
17.214285714285708 29.525974025974016
31.153679653679653 31.43073593073592
26.218614718614717 28.22727272727272
30.72077922077922 31.950216450216445
25.958874458874455 38.87662337662337
22.928571428571423 34.02813852813852
26.824675324675326 28.83333333333332
25.6991341991342 36.01948051948051
25.006493506493506 30.99783549783549
27.517316017316013 35.58658008658008
26.391774891774887 33.76839826839826
30.72077922077922 27.967532467532457
31.67316017316017 28.919913419913414
26.045454545454547 30.21861471861471
30.28787878787879 28.83333333333332
26.997835497835496 48.48701298701298
27.517316017316013 29.352813852813846
27.517316017316013 35.932900432900425
20.158008658008654 12.296536796536785
26.738095238095234 31.777056277056268
28.64285714285714 29.6125541125541
37.47402597402598 31.25757575757575
21.629870129870127 26.062770562770552
29.248917748917748 26.84199134199133
22.23593073593073 32.81601731601731
29.162337662337663 27.62121212121211
29.68181818181818 35.41341991341991
17.47402597402597 33.335497835497826
26.045454545454547 29.872294372294363
28.123376623376622 20.954545454545446
29.335497835497833 50.911255411255404
31.240259740259738 32.64285714285713
29.595238095238095 16.885281385281374
28.29653679653679 34.114718614718605
27.257575757575758 32.81601731601731
22.149350649350644 38.530303030303024
32.10606060606061 22.253246753246742
35.48268398268398 25.45670995670995
24.140692640692635 32.81601731601731
32.97186147186147 22.339826839826827
28.036796536796537 28.919913419913414
21.543290043290042 36.27922077922077
28.556277056277054 36.971861471861466
26.738095238095234 25.889610389610382
25.352813852813853 30.564935064935057