39.378787878787875 35.41341991341991
41.71645021645021 23.119047619047606
34.96320346320346 30.82467532467532
34.79004329004329 29.699134199134193
38.33982683982684 30.04545454545454
36.95454545454545 34.114718614718605
38.253246753246756 32.38311688311688
39.55194805194806 30.47835497835497
37.214285714285715 37.57792207792207
35.65584415584416 8.140692640692635
38.33982683982684 28.40043290043289
38.94588744588745 35.24025974025973
41.37012987012987 33.162337662337656
38.5995670995671 36.885281385281374
38.426406926406926 32.64285714285713
47.69047619047619 35.84632034632034
35.82900432900433 28.919913419913414
27.950216450216452 26.4090909090909
38.08008658008658 30.564935064935057
39.46536796536796 28.487012987012974
40.67748917748918 32.123376623376615
40.50432900432901 32.296536796536785
38.16666666666667 32.03679653679653
31.846320346320347 32.729437229437224
34.010822510822514 28.746753246753237
43.188311688311686 27.534632034632025
37.73376623376623 31.084415584415574
40.59090909090909 31.084415584415574
38.68614718614719 36.45238095238094
38.77272727272728 28.487012987012974
38.77272727272728 32.55627705627705
43.88095238095238 20.261904761904752
32.53896103896104 22.253246753246742
43.88095238095238 31.344155844155836
37.47402597402598 35.06709956709956
36.608225108225106 35.24025974025973
43.53463203463204 25.80303030303029
38.33982683982684 29.43939393939393
32.97186147186147 29.525974025974016
37.90692640692641 39.04978354978354
43.621212121212125 33.59523809523809
38.5995670995671 31.344155844155836
37.90692640692641 29.785714285714278
32.192640692640694 33.162337662337656
49.68181818181819 25.02380952380951
44.48701298701299 41.56060606060605
39.11904761904762 31.17099567099566
42.668831168831176 25.889610389610382
34.183982683982684 33.335497835497826
36.26190476190476 32.729437229437224
34.53030303030303 37.57792207792207
32.365800865800864 22.166666666666657
38.94588744588745 36.19264069264069
37.993506493506494 29.699134199134193
40.85064935064935 29.872294372294363
36.86796536796537 31.084415584415574
39.205627705627705 33.68181818181817
28.816017316017316 13.854978354978343
33.92424242424242 28.313852813852805
33.14502164502164 28.313852813852805
34.183982683982684 32.296536796536785
32.798701298701296 24.504329004328994
36.08874458874459 39.742424242424235
38.94588744588745 30.564935064935057
37.56060606060606 37.924242424242415
31.846320346320347 33.24891774891774
40.85064935064935 25.37012987012986
38.51298701298701 30.305194805194795
31.67316017316017 21.2142857142857
34.27056277056277 32.64285714285713
37.041125541125545 24.764069264069256
42.841991341991346 27.01515151515151
33.577922077922075 35.84632034632034
40.85064935064935 30.65151515151514
41.71645021645021 31.950216450216445
32.97186147186147 38.703463203463194
34.616883116883116 27.361471861471856
40.158008658008654 31.344155844155836
39.8982683982684 35.49999999999999
47.257575757575765 23.984848484848477
41.37012987012987 31.603896103896098
26.824675324675326 23.465367965367953
28.72943722943723 24.85064935064934
35.13636363636364 38.79004329004328
36.86796536796537 26.66883116883116
35.13636363636364 36.19264069264069
37.041125541125545 30.911255411255404
36.608225108225106 34.37445887445887
34.183982683982684 29.785714285714278
39.984848484848484 30.82467532467532
36.6948051948052 33.85497835497834
42.23593073593074 25.37012987012986
41.8896103896104 32.123376623376615
37.47402597402598 30.99783549783549
43.794372294372295 29.785714285714278
36.175324675324674 26.58225108225107
38.253246753246756 36.19264069264069
39.638528138528144 34.114718614718605
39.46536796536796 32.38311688311688
39.811688311688314 34.8073593073593
36.34848484848485 35.41341991341991
29.248917748917748 27.44805194805194
36.86796536796537 22.512987012987004
33.577922077922075 35.67316017316016
35.56926406926407 28.746753246753237
40.07142857142857 24.244588744588732
37.12770562770563 32.55627705627705
33.75108225108225 38.27056277056276
41.97619047619048 30.305194805194795
38.16666666666667 28.487012987012974
41.02380952380953 28.83333333333332
41.97619047619048 31.690476190476183
35.48268398268398 36.36580086580086
38.08008658008658 30.47835497835497
43.015151515151516 29.352813852813846
41.8896103896104 30.911255411255404
39.11904761904762 37.49134199134198
39.811688311688314 33.508658008658
33.404761904761905 37.49134199134198
37.387445887445885 38.09740259740259
45.00649350649351 31.43073593073592
27.603896103896105 30.738095238095227
37.90692640692641 30.82467532467532
38.5995670995671 29.785714285714278
37.90692640692641 29.872294372294363
38.08008658008658 30.04545454545454
39.46536796536796 29.352813852813846
32.27922077922078 23.119047619047606
44.66017316017316 35.58658008658008
35.91558441558442 28.487012987012974
45.61255411255412 23.119047619047606
35.65584415584416 31.690476190476183
30.201298701298697 30.738095238095227
39.8982683982684 26.23593073593073
37.73376623376623 16.712121212121204
34.443722943722946 33.941558441558435
34.443722943722946 31.084415584415574
38.16666666666667 37.23160173160172
39.032467532467535 27.880952380952372
38.77272727272728 23.898268398268385
39.811688311688314 32.55627705627705
34.87662337662338 27.101731601731593
38.77272727272728 21.99350649350648
35.396103896103895 23.898268398268385
36.95454545454545 32.98917748917748
35.04978354978355 33.68181818181817
59.292207792207805 28.313852813852805
44.91991341991343 31.43073593073592
32.01948051948052 26.495670995670984
44.400432900432904 31.25757575757575
35.91558441558442 27.707792207792195
31.586580086580085 26.149350649350637
35.65584415584416 21.64718614718614
38.5995670995671 26.495670995670984
36.608225108225106 21.906926406926395
42.668831168831176 26.755411255411246
42.14935064935065 28.40043290043289
38.426406926406926 25.543290043290035
42.668831168831176 32.64285714285713
27.603896103896105 28.66017316017315
37.64718614718615 21.04112554112553
31.240259740259738 21.733766233766225
42.14935064935065 29.17965367965367
35.65584415584416 35.932900432900425
37.12770562770563 30.564935064935057
34.79004329004329 30.305194805194795
35.48268398268398 41.47402597402596
37.041125541125545 26.062770562770552
37.3008658008658 30.911255411255404
34.79004329004329 31.084415584415574
38.33982683982684 26.322510822510814
40.24458874458874 25.283549783549773
37.214285714285715 28.83333333333332
35.65584415584416 22.339826839826827
38.77272727272728 46.40909090909091
36.608225108225106 23.63852813852813
38.33982683982684 31.25757575757575
34.7034632034632 14.634199134199122
36.6948051948052 31.344155844155836
39.11904761904762 27.707792207792195
46.13203463203463 29.872294372294363
32.88528138528139 24.331168831168824
38.426406926406926 21.99350649350648
33.49134199134199 29.872294372294363
41.37012987012987 26.66883116883116
37.820346320346324 34.63419913419913
33.404761904761905 33.68181818181817
37.214285714285715 33.941558441558435
41.37012987012987 17.664502164502153
40.67748917748918 45.8030303030303
40.24458874458874 32.46969696969696
42.58225108225109 19.742424242424235
39.46536796536796 27.794372294372288
38.33982683982684 30.305194805194795
31.932900432900432 38.09740259740259
41.45670995670996 13.162337662337649
42.14935064935065 20.261904761904752
35.04978354978355 34.63419913419913
41.8896103896104 19.655844155844143
38.51298701298701 27.534632034632025
33.404761904761905 35.326839826839816
41.11038961038962 34.114718614718605
37.820346320346324 24.244588744588732
42.23593073593074 30.132034632034625