23.707792207792203 35.24025974025973
33.49134199134199 30.911255411255404
21.45670995670995 29.6125541125541
22.06277056277056 29.872294372294363
28.209956709956707 25.80303030303029
24.227272727272727 30.21861471861471
21.716450216450212 33.075757575757564
26.997835497835496 30.39177489177488
24.05411255411255 38.0108225108225
19.378787878787875 12.989177489177479
25.09307359307359 30.65151515151514
23.967532467532465 36.19264069264069
24.66017316017316 33.42207792207791
23.188311688311686 37.05844155844155
29.075757575757578 32.729437229437224
33.83766233766234 36.45238095238094
23.621212121212118 27.361471861471856
15.136363636363633 25.976190476190467
24.746753246753244 31.344155844155836
25.6991341991342 29.785714285714278
28.556277056277054 32.03679653679653
27.344155844155843 32.38311688311688
23.361471861471856 31.777056277056268
18.945887445887443 31.777056277056268
18.945887445887443 28.573593073593067
29.854978354978357 21.733766233766225
29.162337662337663 30.39177489177488
28.556277056277054 31.43073593073592
25.09307359307359 36.106060606060595
25.26623376623376 26.928571428571416
26.3051948051948 29.352813852813846
27.950216450216452 25.889610389610382
20.331168831168824 21.2142857142857
28.816017316017316 28.746753246753237
29.50865800865801 34.114718614718605
27.08441558441558 35.58658008658008
33.23160173160173 22.166666666666657
24.746753246753244 24.937229437229426
21.02380952380952 33.59523809523809
26.824675324675326 38.61688311688311
28.036796536796537 35.75974025974025
26.391774891774887 31.690476190476183
24.140692640692635 24.764069264069256
18.68614718614718 33.075757575757564
38.08008658008658 27.62121212121211
32.625541125541126 41.64718614718614
27.430735930735928 33.941558441558435
31.5 25.80303030303029
21.716450216450212 31.690476190476183
23.967532467532465 31.25757575757575
21.803030303030297 36.885281385281374
24.227272727272727 24.764069264069256
24.66017316017316 31.344155844155836
22.66883116883117 29.872294372294363
30.028138528138527 35.932900432900425
23.27489177489177 33.76839826839826
24.31385281385281 34.63419913419913
18.166666666666664 16.279220779220772
23.1017316017316 29.266233766233753
24.31385281385281 33.508658008658
22.32251082251082 32.55627705627705
20.590909090909086 27.18831168831168
24.573593073593074 38.87662337662337
25.26623376623376 31.517316017316006
23.88095238095238 39.56926406926406
17.64718614718614 36.01948051948051
28.29653679653679 29.525974025974016
26.824675324675326 30.21861471861471
22.06277056277056 20.694805194805184
22.755411255411254 37.924242424242415
24.746753246753244 26.66883116883116
31.067099567099568 30.564935064935057
23.448051948051948 38.18398268398268
25.09307359307359 31.084415584415574
29.768398268398265 37.49134199134198
19.725108225108222 36.27922077922077
24.573593073593074 26.58225108225107
25.179653679653676 31.517316017316006
28.64285714285714 32.55627705627705
37.47402597402598 23.898268398268385
31.067099567099568 33.85497835497834
13.751082251082245 22.080086580086572
20.331168831168824 23.725108225108215
27.777056277056275 28.054112554112542
25.6991341991342 26.58225108225107
23.88095238095238 35.75974025974025
24.227272727272727 31.084415584415574
26.564935064935064 33.508658008658
25.26623376623376 30.21861471861471
26.218614718614717 30.65151515151514
26.824675324675326 33.59523809523809
28.46969696969697 23.898268398268385
27.603896103896105 28.66017316017315
25.09307359307359 31.084415584415574
30.547619047619044 29.699134199134193
23.361471861471856 29.525974025974016
28.123376623376622 31.863636363636353
24.746753246753244 33.59523809523809
24.91991341991342 32.123376623376615
24.91991341991342 33.85497835497834
23.621212121212118 27.880952380952372
18.080086580086572 26.4090909090909
22.32251082251082 24.071428571428562
24.83333333333333 31.517316017316006
19.638528138528137 29.6125541125541
30.89393939393939 25.80303030303029
26.47835497835498 31.863636363636353
22.755411255411254 30.65151515151514
31.413419913419915 31.603896103896098
25.006493506493506 27.361471861471856
29.075757575757578 24.158008658008647
27.777056277056275 31.43073593073592
22.49567099567099 33.85497835497834
24.400432900432897 30.99783549783549
30.374458874458874 29.17965367965367
31.067099567099568 33.508658008658
28.383116883116884 28.66017316017315
26.13203463203463 30.82467532467532
19.03246753246753 37.23160173160172
25.352813852813853 36.971861471861466
18.85930735930736 33.59523809523809
15.569264069264065 30.99783549783549
25.87229437229437 30.39177489177488
23.448051948051948 29.6125541125541
21.88961038961039 28.140692640692635
25.6991341991342 27.967532467532457
25.179653679653676 29.0064935064935
20.331168831168824 22.339826839826827
32.97186147186147 30.47835497835497
23.1017316017316 28.919913419913414
34.79004329004329 22.59956709956709
25.525974025974023 31.777056277056268
20.331168831168824 30.47835497835497
26.824675324675326 26.322510822510814
18.772727272727266 10.045454545454533
23.361471861471856 34.893939393939384
23.88095238095238 34.114718614718605
21.88961038961039 29.352813852813846
27.430735930735928 22.772727272727266
26.738095238095234 27.361471861471856
28.383116883116884 28.40043290043289
24.227272727272727 26.755411255411246
28.383116883116884 28.140692640692635
24.48701298701298 22.339826839826827
25.612554112554108 33.941558441558435
24.66017316017316 27.534632034632025
43.967532467532465 26.495670995670984
30.374458874458874 26.84199134199133
17.47402597402597 27.707792207792195
32.192640692640694 31.690476190476183
19.119047619047613 25.45670995670995
21.629870129870127 24.071428571428562
18.772727272727266 22.85930735930735
25.87229437229437 29.0064935064935
26.3051948051948 27.18831168831168
29.248917748917748 29.266233766233753
27.170995670995666 26.66883116883116
20.764069264069263 29.352813852813846
28.816017316017316 33.42207792207791
15.396103896103888 28.40043290043289
28.46969696969697 32.46969696969696
20.85064935064935 28.140692640692635
27.257575757575758 27.967532467532457
24.400432900432897 34.54761904761904
20.590909090909086 31.950216450216445
25.525974025974023 27.01515151515151
22.409090909090907 31.863636363636353
22.49567099567099 27.101731601731593
24.573593073593074 30.911255411255404
24.05411255411255 28.919913419913414
27.603896103896105 25.37012987012986
26.65151515151515 26.149350649350637
23.621212121212118 27.534632034632025
25.785714285714285 28.22727272727272
23.27489177489177 45.45670995670995
23.794372294372295 27.880952380952372
24.91991341991342 32.03679653679653
17.733766233766232 9.525974025974016
24.746753246753244 28.83333333333332
25.6991341991342 27.707792207792195
33.05844155844156 28.487012987012974
19.119047619047613 23.984848484848477
26.391774891774887 25.37012987012986
18.42640692640692 32.38311688311688
26.997835497835496 27.967532467532457
27.777056277056275 34.28787878787878
15.309523809523803 32.296536796536785
25.26623376623376 27.18831168831168
26.47835497835498 19.309523809523796
25.612554112554108 44.59090909090908
27.344155844155843 28.83333333333332
25.87229437229437 15.4134199134199
23.1017316017316 27.707792207792195
25.179653679653676 29.525974025974016
20.24458874458874 33.42207792207791
26.3051948051948 22.339826839826827
31.240259740259738 26.23593073593073
21.543290043290042 29.525974025974016
30.114718614718612 20.521645021645014
25.87229437229437 26.84199134199133
21.543290043290042 30.911255411255404
26.564935064935064 33.85497835497834
24.66017316017316 23.63852813852813
25.006493506493506 23.898268398268385