./images/102.jpg 34.52 1.05 117.93 89.32 33.55 47.29 120.20 36.62 83.01 89.32 46.16 74.45 110.82 66.69 37.75 62.16 116.64 52.78 60.38 85.76 98.86 82.21 40.66 44.70 48.42 37.59 61.03 42.76 72.02 39.53 84.31 31.44 96.27 36.29 47.77 45.35 52.95 41.79 58.12 45.35 52.62 48.90 75.58 40.82 80.10 36.62 86.25 38.56 81.72 43.08 56.18 57.31 66.52 57.63 75.25 52.46 56.82 65.72 69.11 68.63 80.75 63.78 90.77 56.34 84.95 70.57 68.79 77.36
./images/101.jpg 59.19 22.91 131.43 89.37 62.08 42.41 130.34 56.50 94.58 85.39 70.74 71.31 120.95 81.78 62.80 59.03 129.62 70.58 81.58 79.98 109.03 86.84 76.16 43.13 89.17 36.99 100.36 36.63 109.39 45.66 116.98 38.44 126.01 53.61 86.64 43.13 92.42 41.33 97.11 46.75 92.06 49.63 110.84 50.00 116.26 45.66 118.78 52.16 114.45 55.05 95.67 53.25 104.70 56.14 112.28 58.30 91.33 60.47 97.83 64.44 106.14 65.17 112.64 65.53 106.14 67.69 97.83 66.61
./images/100.jpg 115.63 2.51 187.60 65.11 117.75 28.52 185.79 21.26 159.18 62.39 126.82 51.81 183.07 48.48 118.96 42.13 186.40 35.78 138.92 61.18 174.00 57.25 129.84 29.43 138.31 17.94 148.29 13.40 159.48 20.05 167.34 13.10 176.11 23.68 139.52 26.10 144.06 22.47 149.50 26.71 145.27 31.24 160.99 24.29 165.53 19.15 169.76 23.08 165.83 27.01 150.71 33.36 157.97 34.27 166.13 32.45 149.20 46.97 155.85 43.04 161.90 41.22 168.25 40.92 163.41 43.64 156.46 44.55
./images/129.jpg 1408.53 437.11 2350.15 1429.53 1398.37 972.27 2380.63 870.66 2092.73 1412.60 1625.31 1321.15 2339.98 1168.73 1483.05 1189.05 2384.02 1033.24 1842.08 1422.76 2238.37 1310.98 1665.95 951.95 1842.08 877.44 2008.05 789.37 2075.79 775.82 2184.18 779.21 2258.69 789.37 1787.89 938.40 1875.95 874.05 1926.76 904.53 1879.34 951.95 2113.05 860.50 2184.18 802.92 2218.05 860.50 2167.24 904.53 1991.11 1036.63 2123.21 1056.95 2201.11 1016.31 1957.24 1209.37 2058.85 1178.89 2129.98 1172.11 2201.11 1168.73 2163.85 1239.85 2065.63 1266.95
./images/115.jpg 1120.63 454.05 1696.44 1029.85 1124.02 779.21 1686.27 647.11 1493.21 1046.79 1249.34 975.66 1676.11 880.82 1174.82 904.53 1709.98 762.27 1354.34 1026.47 1604.98 992.60 1229.02 728.40 1293.37 680.98 1384.82 636.95 1452.56 613.24 1554.18 623.40 1618.53 667.44 1286.60 741.95 1327.24 687.76 1378.05 714.85 1334.02 755.50 1472.89 677.60 1530.47 643.73 1567.73 674.21 1527.08 697.92 1388.21 796.15 1462.73 796.15 1513.53 755.50 1418.69 897.76 1466.11 887.60 1496.60 874.05 1530.47 870.66 1503.37 907.92 1466.11 918.08
./images/114.jpg 694.31 622.18 1124.85 1003.69 747.94 919.42 1111.06 727.90 1025.26 1003.69 867.45 999.09 1114.13 876.52 800.03 969.98 1127.92 790.72 939.46 1019.01 1088.08 942.40 818.42 890.31 861.32 855.07 895.03 798.38 942.52 752.41 996.15 734.03 1040.58 744.75 870.51 884.18 885.83 844.34 927.20 855.07 907.28 888.77 979.30 809.10 997.68 773.86 1028.33 796.84 1011.47 822.89 940.99 910.23 993.09 911.76 1029.86 879.58 973.17 974.58 1002.28 965.38 1020.66 957.72 1042.11 956.19 1026.79 977.64 1008.41 985.30
./images/128.jpg 1245.89 383.16 2295.43 1438.83 1247.43 1017.48 2267.86 744.75 1890.94 1425.04 1448.14 1333.11 2220.36 1175.29 1317.91 1192.15 2289.31 968.45 1653.45 1428.10 2093.19 1337.70 1388.39 999.09 1478.78 821.36 1613.62 720.24 1782.16 680.40 1952.23 654.35 2082.46 718.70 1526.28 943.93 1575.31 859.66 1662.65 902.56 1607.49 989.90 1857.23 813.70 1918.52 735.56 1998.19 795.31 1941.50 879.58 1693.29 1061.91 1818.93 1071.10 1936.91 1006.75 1720.87 1276.42 1803.61 1239.64 1894.00 1224.32 1990.53 1219.72 1897.07 1248.84 1808.20 1276.42
./images/116.jpg 1184.61 528.71 1759.17 1058.85 1204.53 753.94 1749.98 758.54 1437.42 1060.38 1227.51 919.42 1642.73 939.34 1199.93 836.68 1713.21 848.94 1281.13 1017.48 1544.67 1014.41 1225.98 734.03 1271.94 720.24 1320.97 695.72 1382.26 704.91 1455.80 735.56 1555.39 758.54 1267.34 743.22 1285.73 724.83 1314.84 738.62 1293.39 755.48 1409.84 749.35 1437.42 737.09 1492.57 752.41 1446.61 761.60 1256.62 804.51 1287.26 827.49 1360.81 819.83 1273.47 897.97 1308.71 896.44 1362.34 896.44 1417.50 924.01 1365.40 948.53 1304.12 951.59
./images/103.jpg 1566.12 442.91 2024.24 864.26 1564.59 640.56 2021.18 620.64 1771.43 858.13 1598.29 781.52 1982.87 763.14 1569.18 704.91 2019.64 701.85 1670.31 836.68 1887.88 835.15 1633.53 614.52 1694.82 599.19 1746.92 600.73 1799.01 605.32 1871.02 579.28 1930.78 597.66 1674.90 622.18 1711.68 602.26 1733.13 612.98 1704.01 628.30 1820.46 608.39 1854.17 585.40 1887.88 608.39 1849.57 629.84 1722.40 669.67 1771.43 675.80 1829.65 660.48 1716.27 718.70 1760.71 729.43 1802.07 726.36 1844.97 720.24 1802.07 737.09 1763.77 738.62
./images/117.jpg 1202.99 490.41 1795.95 1006.75 1218.32 669.67 1797.48 709.51 1475.72 1005.22 1261.22 901.03 1713.21 936.27 1207.59 792.25 1791.35 822.89 1353.15 971.51 1604.42 985.30 1296.46 657.42 1362.34 582.34 1457.33 560.89 1572.25 577.74 1642.73 577.74 1679.50 629.84 1373.06 677.33 1414.43 671.21 1452.74 671.21 1412.90 680.40 1572.25 692.66 1609.02 698.78 1644.26 701.85 1610.55 706.45 1417.50 721.77 1487.98 746.28 1552.33 735.56 1386.85 776.93 1448.14 816.76 1509.43 819.83 1582.97 822.89 1510.96 844.34 1446.61 844.34
./images/113.jpg 734.15 527.18 1138.64 937.80 755.60 821.36 1140.17 689.59 1034.45 922.48 864.38 928.61 1118.72 821.36 812.29 887.24 1138.64 758.54 944.06 942.40 1088.08 873.45 835.27 793.78 882.77 766.20 921.07 718.70 974.70 685.00 1029.86 669.67 1065.10 692.66 882.77 798.38 898.09 767.73 934.86 775.39 916.48 802.97 999.21 750.88 1016.07 717.17 1049.78 727.90 1031.39 760.07 956.31 841.28 1005.34 845.87 1040.58 812.17 986.96 897.97 1022.20 888.77 1040.58 876.52 1054.37 852.00 1045.18 885.71 1022.20 896.44
./images/107.jpg 1503.30 853.53 1737.72 1098.68 1500.24 974.58 1743.85 974.58 1621.28 1087.96 1530.88 1051.19 1708.61 1051.19 1514.03 1019.01 1734.66 1019.01 1573.78 1075.70 1671.84 1077.23 1544.67 971.51 1573.78 963.85 1610.55 969.98 1638.13 973.04 1665.71 957.72 1697.89 976.11 1567.65 977.64 1582.97 969.98 1599.83 979.17 1586.04 985.30 1642.73 976.11 1658.05 965.38 1676.44 974.58 1658.05 983.77 1596.76 1015.95 1616.68 1022.07 1639.66 1017.48 1593.70 1045.06 1610.55 1045.06 1627.41 1046.59 1641.20 1051.19 1625.87 1054.25 1609.02 1055.78
./images/106.jpg 1435.88 498.07 1874.09 950.06 1438.95 681.93 1884.81 750.88 1676.44 963.85 1497.17 858.13 1828.12 893.37 1455.80 770.80 1869.49 827.49 1570.72 930.14 1772.96 945.47 1544.67 686.53 1604.42 646.69 1673.37 631.37 1763.77 648.22 1820.46 660.48 1837.31 704.91 1605.96 703.38 1633.53 680.40 1664.18 704.91 1636.60 721.77 1746.92 720.24 1772.96 695.72 1802.07 721.77 1774.49 744.75 1670.31 766.20 1716.27 784.59 1762.24 779.99 1636.60 827.49 1684.10 833.62 1722.40 839.75 1754.58 847.41 1722.40 853.53 1685.63 847.41
./images/112.jpg 1206.06 476.62 1920.05 1153.84 1221.38 715.64 1916.99 868.86 1460.40 1155.37 1239.77 971.51 1756.11 1084.89 1206.06 838.21 1863.36 979.17 1325.57 1078.76 1622.81 1138.52 1305.65 685.00 1388.39 674.27 1469.59 726.36 1538.54 775.39 1635.07 770.80 1736.19 815.23 1347.02 723.30 1402.18 697.25 1432.82 743.22 1376.13 763.14 1556.93 789.18 1610.55 775.39 1662.65 804.51 1604.42 816.76 1385.32 838.21 1452.74 852.00 1538.54 838.21 1386.85 947.00 1434.35 943.93 1486.45 945.47 1540.07 950.06 1487.98 997.56 1429.76 999.09
./images/104.jpg 1296.46 507.26 1751.51 950.06 1307.18 700.32 1757.64 703.38 1553.86 951.59 1371.53 859.66 1717.80 871.92 1327.10 789.18 1756.11 795.31 1442.01 913.29 1647.32 927.08 1403.71 669.67 1451.21 642.09 1518.62 625.24 1604.42 628.30 1654.99 612.98 1699.42 681.93 1452.74 694.19 1491.04 669.67 1517.09 695.72 1494.11 712.57 1602.89 691.12 1628.94 662.01 1656.52 686.53 1624.34 714.11 1515.56 753.94 1570.72 766.20 1619.75 755.48 1504.83 832.08 1546.20 827.49 1578.38 824.42 1618.21 835.15 1578.38 844.34 1546.20 845.87
./images/110.jpg 1566.12 410.74 2290.84 1120.13 1575.31 657.42 2269.39 936.27 1780.62 1106.34 1592.17 905.63 2073.27 1114.00 1563.05 769.27 2203.50 1045.06 1668.77 1014.41 1929.24 1133.92 1685.63 678.87 1803.61 642.09 1909.33 669.67 1996.66 714.11 2096.25 786.12 2140.68 878.05 1739.25 709.51 1789.82 738.62 1843.44 757.01 1785.22 747.81 1989.00 821.36 2034.96 853.53 2088.59 879.58 2030.37 861.20 1789.82 842.81 1855.70 901.03 1953.76 905.63 1746.92 897.97 1802.07 954.66 1871.02 982.24 1947.63 977.64 1864.89 1026.67 1779.09 1003.69
./images/138.jpg 1141.71 482.75 1838.85 1259.56 1147.84 882.65 1848.04 772.33 1415.97 1253.43 1224.44 1103.28 1742.32 1075.70 1170.82 1003.69 1820.46 948.53 1302.58 1189.08 1625.87 1204.40 1184.61 853.53 1204.53 769.27 1267.34 720.24 1394.52 767.73 1468.06 680.40 1581.44 760.07 1225.98 861.20 1258.15 813.70 1314.84 861.20 1264.28 907.16 1420.56 835.15 1471.12 786.12 1527.81 844.34 1469.59 893.37 1241.30 994.49 1308.71 992.96 1391.45 953.13 1284.20 1098.68 1336.29 1080.30 1402.18 1066.51 1461.93 1117.07 1409.84 1182.95 1327.10 1163.03
./images/139.jpg 1417.50 444.44 2169.80 1230.45 1429.76 790.72 2186.65 838.21 1785.22 1219.72 1491.04 1048.12 2073.27 1092.55 1440.48 917.89 2157.54 968.45 1609.02 1169.16 1958.36 1179.89 1529.35 778.46 1619.75 750.88 1720.87 721.77 1832.72 729.43 1944.57 749.35 2036.50 806.04 1605.96 802.97 1653.45 775.39 1699.42 810.63 1651.92 842.81 1841.91 815.23 1897.07 789.18 1947.63 833.62 1878.68 853.53 1676.44 931.68 1751.51 954.66 1840.38 928.61 1653.45 1017.48 1727.00 1045.06 1820.46 1038.93 1903.20 1009.82 1828.12 1074.17 1723.93 1081.83
./images/111.jpg 1399.11 438.32 2120.77 1205.94 1388.39 753.94 2103.91 927.08 1690.23 1189.08 1435.88 1008.28 1950.70 1132.39 1388.39 871.92 2057.95 1040.46 1523.22 1107.88 1837.31 1181.42 1497.17 746.28 1604.42 704.91 1704.01 714.11 1803.61 760.07 1915.46 801.44 1984.40 874.99 1566.12 804.51 1618.21 763.14 1670.31 813.70 1615.15 847.41 1802.07 839.75 1860.30 807.57 1903.20 853.53 1852.64 882.65 1618.21 928.61 1693.29 962.32 1783.69 939.34 1616.68 1015.95 1684.10 1043.52 1757.64 1034.33 1831.19 988.37 1760.71 1078.76 1681.03 1086.43
./images/105.jpg 1386.85 499.60 1877.15 942.40 1403.71 691.12 1869.49 695.72 1704.01 951.59 1487.98 865.79 1854.17 859.66 1425.16 790.72 1874.09 786.12 1578.38 927.08 1797.48 927.08 1529.35 672.74 1593.70 629.84 1654.99 603.79 1746.92 616.05 1794.41 609.92 1829.65 669.67 1595.23 678.87 1627.41 646.69 1662.65 677.33 1630.47 700.32 1748.45 674.27 1777.56 649.76 1800.54 683.46 1774.49 698.78 1687.16 735.56 1742.32 747.81 1782.16 738.62 1691.76 813.70 1730.06 809.10 1762.24 804.51 1786.75 819.83 1760.71 822.89 1730.06 821.36
./images/108.jpg 1412.90 556.29 1944.57 1071.10 1411.37 836.68 1941.50 781.52 1725.47 1068.04 1506.36 1006.75 1887.88 965.38 1440.48 933.21 1938.44 881.11 1596.76 1057.31 1823.52 1029.73 1526.28 830.55 1612.08 812.17 1677.97 821.36 1740.79 809.10 1794.41 769.27 1871.02 783.05 1579.91 824.42 1618.21 815.23 1647.32 833.62 1610.55 836.68 1746.92 809.10 1782.16 781.52 1818.93 787.65 1782.16 816.76 1665.71 878.05 1725.47 897.97 1777.56 887.24 1636.60 922.48 1677.97 953.13 1745.38 959.25 1782.16 931.68 1737.72 973.04 1677.97 962.32
./images/120.jpg 1497.17 490.41 2042.63 920.95 1491.04 698.78 2050.29 715.64 1825.06 928.61 1607.49 858.13 2008.92 865.79 1526.28 786.12 2044.16 792.25 1704.01 899.50 1933.84 911.76 1622.81 625.24 1682.56 562.42 1757.64 539.44 1860.30 547.10 1936.91 573.15 1984.40 652.82 1694.82 625.24 1727.00 588.47 1771.43 611.45 1739.25 631.37 1874.09 609.92 1910.86 597.66 1938.44 631.37 1904.73 632.90 1786.75 637.50 1851.10 640.56 1901.67 643.63 1753.04 712.57 1820.46 706.45 1871.02 703.38 1910.86 721.77 1869.49 737.09 1814.33 730.96
./images/134.jpg 1374.60 456.70 2160.60 1192.15 1388.39 825.96 2156.01 778.46 1782.16 1196.74 1491.04 1058.85 2051.82 1054.25 1409.84 948.53 2139.15 930.14 1609.02 1146.18 1950.70 1152.31 1478.78 827.49 1550.80 723.30 1674.90 665.08 1814.33 678.87 1939.97 692.66 2022.71 758.54 1579.91 806.04 1624.34 770.80 1685.63 824.42 1628.94 856.60 1832.72 798.38 1881.75 752.41 1932.31 793.78 1884.81 844.34 1668.77 953.13 1765.30 968.45 1843.44 931.68 1647.32 1002.16 1730.06 1051.19 1834.25 1040.46 1897.07 994.49 1834.25 1097.15 1731.59 1104.81
./images/135.jpg 1354.68 672.74 2203.50 1642.61 1356.21 1049.65 2185.12 1064.97 1757.64 1645.67 1446.61 1369.88 2074.80 1391.33 1374.60 1219.72 2157.54 1238.11 1559.99 1487.86 1946.10 1506.24 1487.98 1043.52 1543.14 908.69 1664.18 844.34 1849.57 850.47 1984.40 879.58 2030.37 1031.27 1578.38 1048.12 1628.94 982.24 1684.10 1034.33 1642.73 1110.94 1843.44 1037.40 1897.07 968.45 1953.76 1040.46 1892.47 1104.81 1681.03 1192.15 1777.56 1202.87 1866.43 1189.08 1673.37 1343.83 1762.24 1317.78 1820.46 1319.32 1875.62 1363.75 1828.12 1547.61 1705.55 1552.21
./images/121.jpg 1357.74 499.60 1947.63 1077.23 1351.61 793.78 1933.84 734.03 1681.03 1075.70 1438.95 985.30 1900.13 943.93 1377.66 896.44 1939.97 842.81 1544.67 1054.25 1821.99 1028.20 1457.33 792.25 1506.36 711.04 1578.38 654.35 1691.76 646.69 1795.95 669.67 1843.44 727.90 1526.28 781.52 1563.05 750.88 1601.36 781.52 1566.12 810.63 1708.61 750.88 1749.98 714.11 1786.75 750.88 1748.45 781.52 1615.15 839.75 1677.97 848.94 1733.13 827.49 1579.91 902.56 1651.92 922.48 1723.93 914.82 1762.24 896.44 1720.87 948.53 1658.05 953.13
./images/109.jpg 1320.97 490.41 1749.98 870.39 1308.71 649.76 1739.25 626.77 1529.35 862.73 1350.08 779.99 1710.14 796.84 1322.50 718.70 1745.38 706.45 1417.50 832.08 1642.73 841.28 1383.79 640.56 1443.54 616.05 1510.96 629.84 1559.99 626.77 1616.68 599.19 1682.56 631.37 1440.48 632.90 1465.00 616.05 1489.51 632.90 1465.00 645.16 1581.44 632.90 1607.49 608.39 1642.73 626.77 1612.08 643.63 1492.57 678.87 1546.20 686.53 1592.17 672.74 1454.27 697.25 1523.22 723.30 1578.38 721.77 1616.68 714.11 1592.17 789.18 1487.98 784.59
./images/137.jpg 1405.24 409.20 2156.01 1190.61 1412.90 769.27 2154.47 760.07 1720.87 1196.74 1489.51 1015.95 2011.98 1063.44 1432.82 891.84 2114.64 919.42 1581.44 1112.47 1881.75 1143.12 1498.70 763.14 1570.72 738.62 1673.37 706.45 1760.71 723.30 1863.36 737.09 1970.61 753.94 1563.05 772.33 1610.55 747.81 1653.45 769.27 1599.83 789.18 1772.96 753.94 1809.73 735.56 1886.34 752.41 1814.33 770.80 1638.13 870.39 1702.48 907.16 1789.82 879.58 1648.86 1029.73 1697.89 1005.22 1746.92 1014.41 1779.09 1066.51 1734.66 1153.84 1667.24 1126.26
./images/123.jpg 1199.93 482.75 1727.00 933.21 1204.53 707.98 1725.47 678.87 1363.87 936.27 1225.98 852.00 1578.38 862.73 1209.12 781.52 1667.24 784.59 1273.47 905.63 1480.32 920.95 1250.49 648.22 1291.86 571.61 1353.15 519.52 1432.82 533.31 1520.15 540.97 1558.46 623.71 1290.33 626.77 1313.31 599.19 1340.89 619.11 1311.78 632.90 1425.16 605.32 1463.46 580.81 1492.57 626.77 1448.14 635.97 1282.67 657.42 1324.04 654.35 1374.60 649.76 1284.20 740.15 1330.16 734.03 1379.19 737.09 1422.09 743.22 1368.47 784.59 1320.97 796.84
./images/122.jpg 1140.17 476.62 1774.49 1092.55 1147.84 809.10 1762.24 721.77 1523.22 1098.68 1244.36 1014.41 1730.06 962.32 1176.95 917.89 1776.03 842.81 1363.87 1084.89 1645.79 1052.72 1259.68 787.65 1314.84 695.72 1396.05 637.50 1517.09 629.84 1599.83 628.30 1670.31 704.91 1339.36 778.46 1365.40 726.36 1426.69 757.01 1383.79 802.97 1537.01 727.90 1576.84 694.19 1616.68 732.49 1576.84 769.27 1448.14 838.21 1518.62 852.00 1572.25 819.83 1417.50 917.89 1500.24 936.27 1559.99 922.48 1599.83 882.65 1556.93 960.79 1500.24 973.04
./images/136.jpg 1301.05 560.89 2102.38 1319.32 1319.44 922.48 2103.91 853.53 1766.83 1319.32 1442.01 1209.00 2025.77 1158.44 1350.08 1074.17 2102.38 1017.48 1590.63 1294.80 1936.91 1265.69 1428.22 905.63 1487.98 773.86 1596.76 701.85 1765.30 703.38 1889.41 724.83 1962.95 832.08 1514.03 907.16 1558.46 832.08 1622.81 884.18 1584.51 957.72 1763.77 861.20 1815.86 804.51 1874.09 859.66 1831.19 919.42 1628.94 1031.27 1720.87 1023.61 1794.41 965.38 1691.76 1140.05 1748.45 1146.18 1792.88 1124.73 1846.51 1101.75 1800.54 1170.70 1753.04 1189.08
./images/132.jpg 1227.51 364.77 2387.37 1443.42 1238.23 870.39 2359.79 801.44 1783.69 1460.28 1388.39 1273.35 2183.59 1254.96 1278.07 1095.62 2327.61 1057.31 1544.67 1411.25 2010.45 1392.86 1339.36 879.58 1432.82 735.56 1604.42 675.80 1795.95 691.12 1976.74 709.51 2110.04 830.55 1468.06 870.39 1538.54 812.17 1616.68 876.52 1559.99 924.01 1821.99 858.13 1890.94 790.72 1979.81 850.47 1894.00 908.69 1586.04 1063.44 1697.89 1087.96 1821.99 1048.12 1613.62 1258.03 1699.42 1242.71 1780.62 1236.58 1881.75 1239.64 1783.69 1290.20 1705.55 1290.20
./images/126.jpg 1371.53 444.44 2067.14 1101.75 1362.34 727.90 2062.54 738.62 1765.30 1117.07 1465.00 973.04 1996.66 983.77 1389.92 852.00 2057.95 856.60 1586.04 1066.51 1906.26 1069.57 1526.28 698.78 1616.68 658.95 1720.87 619.11 1832.72 608.39 1927.71 637.50 1978.27 695.72 1596.76 717.17 1651.92 677.33 1702.48 714.11 1656.52 744.75 1831.19 703.38 1878.68 669.67 1915.46 707.98 1872.55 747.81 1711.68 806.04 1792.88 819.83 1860.30 798.38 1670.31 940.87 1748.45 930.14 1808.20 927.08 1864.89 943.93 1812.80 947.00 1749.98 943.93
./images/127.jpg 1265.81 412.27 2001.26 1092.55 1275.01 753.94 2004.32 692.66 1627.41 1097.15 1353.15 1002.16 1907.79 969.98 1288.80 885.71 1998.19 844.34 1463.46 1064.97 1797.48 1054.25 1353.15 711.04 1425.16 639.03 1529.35 605.32 1642.73 605.32 1763.77 623.71 1851.10 698.78 1438.95 723.30 1471.12 718.70 1503.30 718.70 1472.66 734.03 1684.10 712.57 1714.74 703.38 1745.38 706.45 1713.21 720.24 1491.04 783.05 1579.91 798.38 1661.11 776.93 1477.25 888.77 1567.65 896.44 1651.92 887.24 1748.45 845.87 1656.52 896.44 1566.12 908.69
./images/133.jpg 1376.13 465.89 2149.88 1173.76 1377.66 779.99 2142.22 809.10 1707.08 1173.76 1445.08 1020.54 2011.98 1052.72 1391.45 901.03 2110.04 931.68 1553.86 1118.60 1887.88 1133.92 1469.59 764.67 1559.99 747.81 1667.24 715.64 1760.71 720.24 1860.30 757.01 1982.87 790.72 1546.20 770.80 1598.29 747.81 1641.20 757.01 1599.83 784.59 1794.41 761.60 1844.97 750.88 1889.41 775.39 1837.31 793.78 1610.55 856.60 1691.76 867.32 1774.49 838.21 1625.87 991.43 1674.90 973.04 1731.59 973.04 1779.09 982.24 1734.66 1017.48 1681.03 1020.54
./images/125.jpg 1262.75 577.74 1727.00 1074.17 1267.34 744.75 1727.00 887.24 1420.56 1068.04 1284.20 931.68 1599.83 1038.93 1258.15 830.55 1693.29 977.64 1322.50 1011.35 1518.62 1061.91 1353.15 757.01 1411.37 717.17 1484.91 717.17 1559.99 783.05 1639.66 778.46 1653.45 855.07 1397.58 792.25 1431.29 755.48 1465.00 790.72 1435.88 819.83 1549.27 836.68 1593.70 812.17 1610.55 855.07 1567.65 867.32 1435.88 861.20 1477.25 904.10 1526.28 902.56 1394.52 899.50 1434.35 936.27 1478.78 957.72 1514.03 957.72 1460.40 986.83 1422.09 965.38
./images/131.jpg 2070.20 392.35 2951.21 1222.79 2079.40 795.31 2937.42 917.89 2401.15 1219.72 2143.75 1031.27 2744.36 1147.71 2088.59 922.48 2874.60 1048.12 2228.02 1129.33 2601.87 1207.47 2159.07 784.59 2240.28 779.99 2324.55 749.35 2459.38 790.72 2583.48 825.96 2692.27 856.60 2223.42 827.49 2264.79 801.44 2319.95 841.28 2266.32 874.99 2480.83 867.32 2558.97 838.21 2600.34 891.84 2539.05 916.35 2255.60 980.71 2332.21 1031.27 2447.12 1011.35 2243.34 1071.10 2315.35 1100.22 2382.77 1103.28 2456.31 1107.88 2378.17 1159.97 2309.22 1147.71
./images/119.jpg 1212.19 501.13 1742.32 928.61 1225.98 726.36 1711.68 642.09 1440.48 942.40 1275.01 887.24 1648.86 833.62 1227.51 819.83 1727.00 740.15 1343.95 928.61 1569.18 901.03 1268.88 675.80 1314.84 594.60 1380.73 557.82 1469.59 533.31 1547.73 553.23 1592.17 622.18 1311.78 649.76 1336.29 614.52 1370.00 628.30 1337.82 657.42 1457.33 620.64 1501.77 585.40 1527.81 619.11 1495.64 629.84 1343.95 654.35 1385.32 648.22 1432.82 640.56 1333.23 732.49 1380.73 718.70 1440.48 717.17 1495.64 744.75 1435.88 784.59 1376.13 784.59
./images/118.jpg 1408.30 407.67 1953.76 1025.14 1412.90 617.58 1976.74 764.67 1647.32 1005.22 1463.46 825.96 1881.75 954.66 1422.09 727.90 1953.76 876.52 1532.41 930.14 1786.75 999.09 1581.44 580.81 1677.97 547.10 1769.90 547.10 1857.23 611.45 1923.12 611.45 1936.91 704.91 1670.31 637.50 1702.48 637.50 1720.87 648.22 1699.42 646.69 1851.10 700.32 1883.28 704.91 1898.60 726.36 1874.09 718.70 1739.25 715.64 1805.14 746.28 1861.83 763.14 1630.47 741.69 1707.08 798.38 1783.69 833.62 1844.97 833.62 1766.83 885.71 1687.16 853.53
./images/130.jpg 1160.09 485.81 1851.10 1209.00 1161.62 799.91 1875.62 887.24 1567.65 1199.81 1256.62 1048.12 1788.28 1086.43 1189.20 936.27 1852.64 982.24 1380.73 1150.78 1699.42 1156.91 1356.21 833.62 1471.12 830.55 1589.10 807.57 1668.77 827.49 1742.32 850.47 1806.67 858.13 1440.48 878.05 1495.64 868.86 1538.54 881.11 1497.17 905.63 1670.31 890.31 1713.21 884.18 1754.58 885.71 1713.21 910.23 1549.27 997.56 1624.34 1025.14 1691.76 1002.16 1486.45 1118.60 1556.93 1138.52 1627.41 1141.58 1668.77 1117.07 1627.41 1144.65 1555.39 1143.12
./images/124.jpg 1351.61 591.53 1955.29 1084.89 1370.00 778.46 1943.03 873.45 1555.39 1060.38 1403.71 962.32 1814.33 1057.31 1363.87 873.45 1912.39 997.56 1469.59 1015.95 1696.35 1081.83 1460.40 723.30 1530.88 658.95 1636.60 643.63 1728.53 672.74 1805.14 726.36 1838.85 821.36 1521.69 721.77 1561.52 707.98 1598.29 740.15 1555.39 746.28 1702.48 764.67 1749.98 757.01 1779.09 790.72 1737.72 799.91 1567.65 757.01 1619.75 776.93 1677.97 783.05 1523.22 841.28 1578.38 835.15 1627.41 845.87 1673.37 874.99 1619.75 893.37 1567.65 881.11
./images/140.jpg 2206.57 574.68 2580.42 943.93 2201.97 694.19 2574.29 764.67 2355.19 939.34 2231.08 836.68 2502.28 896.44 2198.91 766.20 2563.57 830.55 2280.11 902.56 2445.59 937.80 2277.05 706.45 2335.27 692.66 2396.56 675.80 2448.65 686.53 2491.55 714.11 2532.92 747.81 2324.55 715.64 2355.19 700.32 2379.70 721.77 2349.06 730.96 2450.18 729.43 2479.30 723.30 2493.09 744.75 2465.51 753.94 2373.58 760.07 2414.94 775.39 2454.78 775.39 2349.06 799.91 2384.30 819.83 2413.41 825.96 2448.65 824.42 2402.69 879.58 2370.51 861.20
./images/141.jpg 1069.69 449.04 1736.19 1091.02 1069.69 749.35 1743.85 747.81 1469.59 1089.49 1166.22 953.13 1707.08 939.34 1101.87 847.41 1742.32 836.68 1281.13 1045.06 1632.00 1038.93 1247.43 758.54 1354.68 752.41 1458.87 760.07 1527.81 750.88 1621.28 729.43 1681.03 752.41 1322.50 772.33 1374.60 755.48 1420.56 775.39 1373.06 795.31 1541.60 758.54 1579.91 738.62 1619.75 752.41 1581.44 789.18 1432.82 862.73 1517.09 879.58 1581.44 862.73 1411.37 969.98 1478.78 959.25 1535.48 959.25 1578.38 971.51 1530.88 991.43 1478.78 994.49
./images/303.jpg 117.63 15.28 334.51 268.85 129.59 208.5 298.65 41.63 283.28 255.33 191.06 258.26 334.51 142.63 159.59 241.43 327.92 92.13 233.51 267.04 324.26 197.52 130.98 182.69 141.22 151.95 147.37 128.05 161.03 105.51 191.76 85.7 242.99 76.14 145.69 177.76 150.81 155.07 163.99 158.73 159.59 174.1 196.19 121.4 199.85 100.18 226.92 101.64 220.34 121.4 163.99 198.98 185.94 190.2 212.29 163.12 193.26 228.26 208.63 220.21 227.66 195.32 265.71 180.68 249.61 226.79 224.73 243.62
./images/317.jpg 149.76 60.38 316.97 202.65 158.01 102.54 313.12 147.64 197.06 196.6 159.66 155.34 271.87 191.1 150.86 131.14 297.72 172.94 172.86 176.24 238.87 200.45 166.45 105.81 187.68 96.01 206.18 98.73 229.58 112.34 252.43 116.69 277.46 131.93 181.66 112.44 193.21 106.39 200.36 120.14 189.36 123.44 234.47 126.74 244.92 122.34 255.92 133.34 242.17 136.09 184.96 136.64 199.26 153.14 224.01 154.24 180.56 143.79 184.41 161.39 205.86 171.84 231.16 166.89 204.21 179 181.66 169.09
./images/316.jpg 134.17 56.42 241.54 145.47 148.84 78.42 242.07 109.85 173.98 139.7 139.41 113.52 217.97 143.37 137.31 94.66 238.92 130.8 153.03 130.8 197.55 144.94 158.22 79.41 172.59 71.29 186.95 73.79 202.57 85.04 217.57 85.66 226.94 101.9 169.79 84.71 178.69 82.09 180.79 88.9 174.5 90.99 202.78 93.61 212.21 91.52 214.83 100.95 206.45 101.99 178.17 95.18 187.07 99.9 199.64 102.52 169.79 104.61 175.55 106.18 183.4 110.37 192.83 115.61 183.93 114.56 176.07 109.33
./images/302.jpg 108.11 33.33 303.52 258.6 121.62 196.09 285.5 73.88 204.97 255.22 150.9 240.01 295.07 171.31 131.76 219.17 298.45 120.62 175.68 254.09 274.8 225.37 122.98 185.58 122.98 161.18 129.58 146.01 149.36 137.44 173.1 123.59 208.05 108.42 132.88 184.82 131.19 172.43 147.53 174.69 146.4 189.89 177.37 152.16 179.63 137.52 202.15 136.95 192.58 154.41 145.27 217.49 160.48 211.29 179.63 187.64 173.43 239.45 180.75 236.07 190.33 229.87 203.28 220.86 195.39 238.32 186.38 243.39
./images/328.jpg 295.78 99.58 501.5 281.95 301.34 168.53 484.82 160.74 440.34 277.5 343.6 246.37 495.94 229.69 310.24 219.68 498.17 196.33 384.74 270.83 479.26 261.94 359.72 157.74 389.78 133.24 409.82 118.77 433.2 127.68 454.36 131.02 476.62 156.62 386.96 165.19 398.08 148.51 410.32 160.74 402.53 175.2 443.68 159.63 448.13 144.06 463.69 156.29 459.25 169.64 427 180.76 450.35 180.76 468.14 180.76 422.55 214.12 440.34 209.67 458.13 210.78 467.03 215.23 458.13 215.23 441.45 214.12
./images/314.jpg 110.5 49.81 277.05 213.37 112.29 128.01 272.87 120.85 182.13 213.37 128.41 179.35 248.39 181.14 116.47 155.47 266.9 153.08 150.49 199.05 220.93 200.24 122.93 122.81 140.95 100.85 157.28 115.49 178.11 114.36 202.32 101.41 229.35 119.43 135.57 133.38 141.54 122.04 153.48 131.59 145.12 141.14 185.12 129.8 194.07 119.06 208.4 130.4 195.26 138.16 146.91 165.62 160.64 170.39 182.73 161.44 153.48 187.11 163.63 190.69 176.16 187.7 195.26 184.12 177.95 196.06 164.82 197.25
./images/301.jpg 60.31 24.46 263.3 246.47 65.9 185.52 221.92 42.36 201.23 239.2 124.62 241.44 259.94 133.51 89.94 222.42 249.32 82.06 159.85 247.59 246.52 187.19 73.72 175.9 82.91 147.8 92.64 124.02 112.1 107.27 138.04 87.27 179.11 75.92 91.06 170.98 97.21 153.64 110.08 153.08 105.04 167.06 141.95 118.97 146.42 101.63 167.12 99.4 159.85 116.73 111.19 181.6 132.44 174.33 154.81 151.4 130.77 205.65 145.31 200.05 160.96 183.28 183.89 165.94 173.27 203.41 153.14 215.15
./images/315.jpg 126.43 52.38 294.99 219.66 127.79 131.34 293.51 121.99 194.81 218.1 143.9 185.89 264.94 187.45 132.47 159.4 287.79 157.84 164.16 204.59 236.36 207.71 139.84 123.03 158.86 102.32 176.21 117.43 197.47 118.55 218.73 103.44 248.95 116.87 155.32 134.98 163.12 123.55 172.99 135.5 165.19 141.73 205.19 131.86 213.51 121.47 228.05 127.71 213.51 135.5 165.71 157.32 178.7 156.28 201.56 149.01 163.12 169.27 177.14 179.66 200 175.5 226.49 162.51 201.04 192.12 178.18 193.16
./images/329.jpg 290.45 135.78 510.18 317.74 300.75 191.85 504.46 229.62 371.71 314.31 308.76 262.81 460.97 294.85 296.17 230.76 487.29 267.39 335.08 296 420.92 313.16 316.7 193.61 340.14 173.38 366.77 172.31 399.79 185.09 428.55 191.48 447.72 214.92 338.52 199.86 354.54 187.28 361.41 205.59 344.24 213.6 401.46 210.16 414.05 198.72 427.78 217.03 411.76 227.33 347.67 236.49 364.84 241.06 390.02 236.49 345.38 260.52 361.41 263.95 376.28 263.95 402.6 262.81 379.72 266.24 361.41 267.39
./images/311.jpg 88.73 41.43 287.61 226.3 92.34 113.23 285.03 123.05 164.67 225.85 104.74 179.87 246.8 195.37 93.38 148.88 275.73 161.79 127.47 205.18 212.19 216.03 105.48 113.44 125.84 102.72 148.34 98.44 183.17 98.44 205.14 99.51 231.94 111.3 122.31 120.98 134.7 110.13 145.55 120.46 134.7 129.25 184.81 123.05 196.18 113.23 212.71 125.63 195.66 133.38 133.67 150.43 151.23 157.66 177.06 151.97 134.7 173.15 147.1 180.39 163.63 180.9 182.75 178.84 161.57 204.67 145.03 200.53
./images/305.jpg 114.73 32.74 298.9 223.19 117.52 134.66 297.08 92.19 207.3 221.41 144.21 192.29 280.7 169.24 124.8 166.2 295.26 132.23 170.9 209.88 254.01 201.99 123.15 130.9 138.97 118.13 154.17 107.79 173.63 110.22 199.79 107.79 238.11 104.14 135.11 131.62 141.78 120.7 153.92 125.56 146.03 137.08 189.1 119.49 199.41 111 215.79 115.85 201.23 126.77 149.06 161.96 165.44 162.56 189.1 147.4 163.62 185.01 176.36 183.19 191.53 171.66 216.4 168.02 197.59 190.47 180.61 195.93
./images/339.jpg 132.94 74.35 290.81 231.27 133.9 134.04 284.07 169.66 185.88 230.3 145.45 186.98 248.45 216.83 135.82 162.92 269.63 196.61 162.78 212.01 220.54 228.38 144.17 131.84 153.86 130.87 164.53 130.87 187.74 139.58 207.04 141.19 233.57 149.23 151.23 142.7 160.85 138.85 167.59 145.59 157 153.29 195.51 152.33 205.13 147.52 215.72 155.22 204.17 160.99 153.15 179.28 166.63 185.06 183.96 182.17 161.82 202.39 171.44 204.31 183.96 203.35 200.32 210.09 183.96 217.79 171.44 214.9
./images/338.jpg 225.91 117.81 455.26 340.91 239.69 166.69 451.5 240.64 283.56 334.64 230.92 253.17 398.86 314.59 228.41 211.81 431.45 282 247.21 295.79 349.98 333.39 266.95 160.41 289.34 170.95 305.14 194.65 338.06 206.5 359.13 198.6 386.78 194.65 273.53 186.75 287.32 182.99 297.34 200.53 283.56 205.55 341.21 220.59 360.01 210.56 370.04 226.85 353.74 230.61 279.8 238.13 298.6 250.67 326.17 253.17 267.27 250.67 279.8 271.97 309.88 282 338.7 276.99 302.36 313.33 273.53 303.31
./images/304.jpg 100.92 46.3 292.04 209.13 101.34 130.74 283.42 77.32 195.54 208.85 127.76 186.45 269.64 156.01 108.81 162.33 286.87 120.4 159.35 202.54 242.07 188.75 110.32 120.64 130.87 88.91 145.62 100.08 171.54 95.17 191.65 74.61 234.1 85.78 123.17 125.57 131.21 107.76 144.99 118.68 138.1 131.89 181.18 108.91 192.67 92.25 211.05 101.44 197.26 116.38 138.1 144.52 155.91 141.08 179.46 129.01 147.87 169.8 159.93 165.78 175.44 158.31 197.26 151.42 178.88 165.2 163.38 170.37
./images/310.jpg 70.25 22.6 182.14 124.52 73.54 81.29 181.04 59.35 141.01 124 94.93 113.65 173.91 97.2 81.22 99.94 181.59 79.64 114.68 122.97 161.3 113.65 88.08 73.75 102.56 70.13 117.04 70.58 130.16 65.6 141.92 63.34 159.56 60.18 101.51 77.45 107.55 73.61 114.68 74.71 109.19 79.64 135.52 70.32 142.65 66.48 150.88 68.13 145.39 71.42 118.52 92.81 129.49 91.71 139.91 82.93 123.45 108.16 130.58 105.97 138.26 103.23 147.04 99.94 141.01 110.36 132.78 112
./images/306.jpg 91.23 21.93 213.03 135.76 93.33 84.93 211.98 63.41 175.76 133.76 125.35 123.79 206.73 104.36 105.93 108.04 213.03 85.98 147.93 134.29 194.66 120.64 121.76 78.3 141.44 63.09 154.41 61.75 174.99 59.51 182.59 52.8 200.48 61.75 139 79.68 144.78 70.23 155.28 76.53 150.03 85.98 178.38 72.86 181.53 60.78 192.03 67.61 186.26 77.06 161.06 93.86 177.86 95.44 187.31 90.19 153.18 112.24 165.78 108.56 177.33 109.09 188.36 105.94 180.48 121.69 165.78 123.79
./images/312.jpg 161.93 51.95 336.94 197.93 161.93 117.72 329.01 88.09 283.98 192.97 204.59 181.12 330.2 145.57 175.55 156.82 336.12 117.72 240.14 195.93 314.2 171.64 197.18 110.63 223.7 86.9 243.71 81.78 273.03 82.71 292.58 72 311.19 85.03 222.36 111.79 233.62 98.76 246.06 107.65 238.36 116.53 279.84 101.72 287.54 89.28 300.57 95.79 292.28 104.68 257.91 130.16 280.43 130.75 294.65 123.05 264.43 159.79 276.28 157.42 288.13 155.05 295.83 153.86 289.32 164.53 278.65 166.9
./images/313.jpg 166.17 40.79 377.31 214.81 173.43 86.16 377.91 109.76 238.77 210.79 176.46 157.55 336.17 184.17 166.78 123.07 365.81 150.89 201.26 187.8 293.22 206.55 185.82 88.39 214.12 77.91 236.65 73.2 265.47 82.1 289.57 83.15 327.3 97.83 206.1 91 218.8 83.74 230.3 92.82 215.78 98.87 272.04 99.47 284.75 89.79 301.68 101.29 284.14 106.73 216.99 118.83 235.14 125.49 261.76 121.86 217.59 151.5 228.48 153.31 240.58 155.73 255.1 159.36 237.56 170.25 223.64 166.02
./images/307.jpg 42.43 25.87 157.06 132.37 43.43 86.16 155.9 64.13 99.09 131.95 61.4 117.46 144.88 105.87 50.97 104.13 154.74 86.74 78.8 127.32 125.75 123.26 49.79 81.65 61.5 69.95 73.2 73.67 89.69 71.55 100.33 60.38 125.33 66.23 60.83 84.42 66.04 76.3 74.16 82.68 68.94 90.21 96.77 78.04 102.56 69.92 113 76.3 106.04 82.68 71.84 101.81 83.43 102.97 97.35 96.59 74.74 112.82 82.27 115.72 96.19 113.4 107.78 107.61 96.77 113.98 84.01 116.88
./images/322.jpg 58.28 29.57 351.06 275.03 70.11 88.72 348.69 124.21 180.72 273.85 79.58 209.97 303.15 233.04 58.87 144.32 341.01 186.31 122.75 251.37 248.74 266.16 99.03 89.76 131.27 70.82 174.76 70.31 214.15 90.27 252.53 92.31 295 107.66 125.71 101.73 145.23 100.55 163.56 105.28 144.64 104.1 226.26 110.01 244.6 108.24 264.71 114.74 244.6 111.78 156.47 137.22 183.67 144.32 219.16 139.58 140.5 197.55 169.48 191.04 203.19 191.63 236.91 194.59 203.19 204.65 169.48 205.83
./images/336.jpg 417.23 280.56 642.1 488.85 425.88 347 639.31 379.5 486.55 488.92 426.97 429.33 584.05 456.42 419.38 387.08 616.55 420.67 449.72 465.08 541.8 483.5 435.89 344.4 453.86 327.55 471.84 327.55 501.06 343.28 524.65 345.53 566.23 357.89 447.55 354.58 458.38 347 467.05 357.83 456.22 367.58 507.14 366.5 520.14 354.58 537.47 366.5 520.14 373 446.47 400.08 460.55 404.42 487.63 400.08 451.88 435.83 460.55 435.83 470.3 436.92 485.47 438 471.38 443.42 457.3 443.42
./images/337.jpg 466.33 267.24 689.61 461.19 488.03 304.29 684.16 329.35 530.52 461.19 470.59 393.64 635.13 419.79 468.42 345.69 672.17 381.65 491.3 435.04 592.63 450.3 497.27 300.22 512.53 286.23 531.61 286.23 562.15 291.32 583.77 286.23 616.85 302.77 503.28 310.83 517.45 302.11 522.9 315.19 508.73 320.63 561.03 318.45 575.2 306.47 591.54 319.54 569.75 327.17 495.66 340.25 507.64 341.34 538.15 340.25 498.92 374.03 518.54 372.94 539.24 370.76 566.48 368.58 532.7 404.53 510.91 407.8
./images/323.jpg 67.27 74.1 242.47 235.9 74.33 98.53 238.3 144.14 168.26 234.81 97.13 183.23 230.16 202.78 74.87 146.31 242.1 173.46 128.08 213.64 208.98 227.21 123.35 105.59 152.13 93.65 180.36 94.73 208.05 113.74 224.34 119.17 234.65 141.97 147.08 116.99 161.2 112.11 169.89 126.77 156.31 129.48 203.55 136 214.95 128.4 223.1 139.8 213.32 144.14 175.32 145.77 199.21 152.83 216.04 157.17 149.26 162.06 174.23 168.03 197.04 178.35 207.35 181.06 195.95 185.95 172.6 176.18
./images/309.jpg 129.66 30.7 246.8 142.99 130.66 79.33 246 76.67 206.71 142.99 156.3 126.63 234.12 112.93 140.39 107.18 242.96 96.13 179.74 139.45 222.62 127.08 167.93 80.15 188.96 78.05 208.41 71.21 217.35 72.79 227.87 73.31 239.96 73.31 182.83 84.63 193 80.65 198.31 82.42 193 86.4 220.41 79.77 225.72 77.12 231.91 78.89 226.16 82.86 205.38 99.22 220.85 103.2 230.14 99.22 190.35 109.39 205.38 111.16 216.87 114.7 223.95 115.58 212.9 134.15 199.19 131.5
./images/335.jpg 71.77 88.88 800.75 764.87 79.98 446.03 769.65 259.93 523.34 758.03 219.55 684.14 761.44 552.77 126.5 581.51 802.49 414.56 355.02 753.92 669.76 682.77 145.41 432.04 207.13 353.95 276.4 298.53 414.96 259.48 488.01 224.21 602.64 236.81 223.66 429.61 257.87 372.14 319.45 413.19 289.34 456.98 468.6 369.4 495.97 290.04 571.23 336.56 527.44 388.56 344.08 552.77 426.18 556.88 508.29 489.82 370.08 638.98 450.81 644.45 509.65 614.35 563.02 562.35 535.65 673.19 461.76 700.56
./images/321.jpg 44.2 28.47 343.595 291.706 51.11 114.57 340.21 116.69 195.66 289.94 77.69 228.82 307.26 233.61 48.99 171.96 340.21 180.46 127.11 269.21 262.09 271.34 85.29 112.44 133.17 74.86 169.72 98.03 211.41 99.57 250.02 70.75 296.35 105.75 119.67 128.91 142.52 108.19 162.71 129.98 141.99 145.92 223.3 124.13 243.49 103.41 266.34 122.54 243.49 139.54 158.46 170.37 190.88 178.34 225.42 168.24 139.33 199.6 173.87 215.54 209.48 216.6 247.74 195.88 210.54 244.77 173.34 245.3 344.46 147.51
./images/320.jpg 72.14 31.24 225.39 177.71 72.14 55.65 219.06 108.09 146.28 176.35 83.44 131.6 194.65 151.49 72.14 94.98 210.02 132.05 107.85 161.89 175.66 165.96 126.26 76.69 159.4 66.37 182.2 77.56 201.57 88.74 220.93 78.85 217.49 102.51 146.28 92.27 162.1 87.75 166.62 100.4 153.96 104.92 192.39 105.38 205.05 99.5 208.21 109.45 197.36 115.77 169.33 128.43 186.97 140.19 198.72 138.38 142.21 129.79 162.1 143.35 178.38 153.75 183.35 154.65 171.6 162.34 156.68 157.82
./images/334.jpg 93.67 61.98 208.6 149.98 98.73 88.65 207 89.18 141.4 150.52 101.93 129.18 189.4 131.85 94.47 107.85 204.33 112.65 118.47 143.05 169.67 144.12 110.63 87.07 122.92 75.38 136.45 74.77 151.83 75.38 165.97 72.31 181.34 84.61 119 91.85 127 84.92 133.4 91.32 126.47 98.25 155.27 90.78 162.2 83.85 170.73 90.78 162.2 96.65 129.13 104.12 140.33 105.18 152.6 103.05 130.73 127.58 137.67 124.92 144.6 124.92 152.6 127.05 144.6 130.25 137.67 131.32
./images/308.jpg 104.34 15.67 222.7 130.96 103.84 58.4 220.47 80.66 155.04 129.63 114.97 99.8 197.77 114.94 105.62 80.66 211.57 99.36 131.44 118.05 178.63 125.62 124.02 64.96 144.71 66.55 162.74 66.55 174.41 69.73 187.67 72.91 205.18 75.56 139.9 70.87 148.36 68.64 155.93 73.09 146.58 77.54 179.07 77.1 185.75 74.87 193.32 79.33 185.31 82.89 152.36 94.46 164.83 101.14 177.74 98.02 146.58 104.7 155.04 110.49 167.5 112.71 177.74 108.26 166.61 121.62 154.15 118.94
./images/330.jpg 135.53 99.9 238.25 191.99 139.65 173.33 223.81 109.8 213.5 190.66 174.31 191.9 237.84 149.82 154.51 189.01 235.78 128.36 193.7 191.48 233.71 171.27 147.92 167.41 157.02 157.01 163.96 147.47 175.23 137.07 184.76 129.7 202.53 125.8 155.74 162.19 159.87 155.18 166.06 154.77 162.34 159.3 181.73 142.39 183.8 134.55 193.7 134.14 189.57 141.15 171.83 167.14 181.73 163.43 189.57 153.94 182.56 179.93 189.57 174.16 199.47 166.32 213.5 161.37 210.61 178.69 199.89 184.06
./images/324.jpg 104.47 143.83 599.57 560.09 111.42 286.45 579.86 256.31 349.12 560.25 160.12 477.77 545.08 465.02 107.95 389.65 600.73 366.46 247.09 535.74 467.39 522.99 164.33 294.72 230.85 259.16 283.61 215.58 359.3 196.08 428.12 208.7 499.23 251.14 220.42 292.25 248.25 270.22 279.55 284.13 249.4 302.69 380.43 276.02 407.1 250.51 445.36 273.7 410.58 289.93 271.44 344.43 323.61 352.54 379.27 335.15 248.25 387.33 299.26 409.36 363.04 414 418.69 414 361.88 452.26 301.58 447.62
./images/318.jpg 56.42 62.15 302.66 274.1 58.5 122.41 297.46 136.95 213.82 271.5 106.29 228.9 282.92 217.47 72.53 182.15 300.06 179.03 155.64 261.11 257.46 247.6 134.2 128.56 185.17 105.03 214.86 109.52 247.91 116.24 269.2 105.03 287.12 131.36 169.67 137.47 188.89 122.93 203.44 139.03 193.05 144.23 247.07 141.11 258.5 123.97 273.05 139.03 260.58 144.75 219.02 172.8 254.86 182.15 267.85 174.88 183.69 193.58 225.77 207.08 252.79 210.72 262.66 205.01 249.67 227.86 220.58 228.9
./images/319.jpg 46.97 29.1 104.87 82.33 47.42 47.95 104.27 50.36 72 81.87 53.15 68.76 95.07 71.47 47.72 58.95 102.46 62.27 60.69 76.45 85.27 79.16 53.04 46.81 61.03 43.51 67.63 46.46 73.88 47.51 80.66 44.73 90.38 50.11 57.98 49.3 62.2 45.83 65.97 50.06 62.2 52.62 75.17 50.96 79.54 47.19 84.37 50.96 78.94 54.13 62.35 59.56 68.68 62.12 74.41 60.31 61.9 65.74 67.78 67.85 73.51 67.4 78.03 65.59 73.51 75.54 67.78 75.24
./images/325.jpg 116.31 99.62 288.87 245.08 117.44 162.82 284.54 151.57 185.84 244.21 132.16 219.97 255.1 208.71 119.17 194.86 273.29 183.6 154.67 237.28 228.26 232.09 126.64 164.01 142.24 146.47 156.86 138.67 183.18 141.59 203.65 143.54 231.92 147.44 139.95 163.69 148.61 157.63 157.27 161.09 148.61 169.75 187.57 157.63 197.96 151.57 210.95 156.76 198.83 161.09 151.21 187.93 165.93 187.93 185.84 177.54 153.81 206.98 169.39 206.11 183.24 201.79 203.16 193.99 184.11 211.31 170.26 214.77
./images/331.jpg 177.75 51.97 296.12 148.45 186.05 72.05 287.25 76.39 243.14 148.05 194.71 124.82 288.43 125.21 178.57 100.41 295.52 100.01 215.97 142.15 270.71 140.96 201.81 75.88 215.35 61.28 228.17 55.93 255.25 57.71 269.14 61.63 278.76 76.6 216.37 73.63 225.42 67.72 232.51 74.42 225.03 79.14 253.78 75.21 260.08 69.3 269.53 76.78 261.26 80.72 234.48 80.72 246.29 81.9 257.71 81.9 229.76 107.1 237.63 94.11 251.02 97.26 258.5 107.1 250.23 115.76 239.99 114.98
./images/327.jpg 136.77 50.58 263.99 184.1 140.78 129.36 260.28 89.31 205.53 182.77 160.8 169.42 254.27 149.39 148.79 152.06 262.95 120.68 180.16 182.77 233.57 168.75 146.2 124.1 148.26 101.44 162 107.62 173.68 102.81 190.85 95.94 219.02 98.69 156.13 124.69 160.14 116.01 170.15 122.02 168.15 130.03 191.51 114.01 194.18 104.66 208.2 108 200.86 116.01 168.15 144.05 178.16 144.72 192.18 137.37 171.49 164.08 178.83 164.08 185.5 162.07 194.85 160.74 188.84 176.09 180.16 176.76
./images/333.jpg 141.9 108.26 262.8 207.42 141.9 148.96 261.6 154.94 193.37 207.01 155.07 187.26 237.06 192.05 144.3 170.51 253.22 176.49 171.23 199.23 218.51 202.82 158.35 145.45 172.53 137.07 187.36 134.49 203.48 138.36 215.72 137.71 235.71 147.38 168.83 152.55 176.02 148.36 182.6 153.15 175.42 158.54 205.34 153.75 212.52 149.56 220.9 154.35 211.93 159.73 179.01 169.91 189.78 172.9 204.15 169.91 178.41 186.07 186.79 187.26 195.17 187.26 204.74 187.26 194.57 191.45 186.79 190.85
./images/332.jpg 371.57 131.71 749.28 401.65 390.04 195.35 734.91 198.43 544 400.63 405.44 348.28 695.91 346.23 371.57 275.41 747.23 279.51 469.07 387.28 627.14 382.15 422.78 202.15 456.03 181.52 509.92 190.69 562.65 197.57 610.81 187.25 670.42 207.89 458.81 202.53 480.37 188.16 503.97 199.45 481.39 204.59 577.87 201.51 599.43 192.27 626.11 206.64 600.45 207.66 494.73 229.22 533.74 226.14 572.74 218.96 498.84 291.83 525.53 271.3 556.32 264.12 588.14 270.27 557.34 275.41 526.55 279.51
./images/326.jpg 185.75 118.49 445.57 367.58 203.78 166.21 439.21 200.15 309.83 366.64 204.84 294.53 420.12 315.74 185.75 227.72 445.57 258.47 248.32 341.19 376.64 350.74 237.14 173.84 277.83 139.32 314.82 146.72 351.81 155.35 382.64 147.95 412.23 189.87 267.41 178.94 289.68 158.79 308.77 181.06 285.44 200.15 351.19 188.48 372.4 170.45 390.43 194.84 370.28 207.57 302.4 209.69 331.04 218.17 358.61 218.17 276.95 278.62 307.71 253.17 341.64 260.59 353.31 287.11 328.92 318.92 300.28 315.74
./images/340.jpg 226.48 102.96 390.12 263.64 226.49 175.91 385.15 168.02 325.06 262.65 256.06 236.04 372.38 223.22 237.33 209.42 385.19 198.58 286.62 254.77 356.61 241.95 277.13 177.83 302.86 166.64 325.24 167.76 349.85 168.88 361.04 159.93 373.34 157.69 296.48 188.72 308.31 175.91 321.12 185.77 311.26 197.6 348.72 183.79 357.59 169.99 366.47 177.88 358.58 189.71 329.01 222.24 345.76 227.17 358.58 219.28 328.02 245.9 334.92 244.91 342.81 244.91 349.71 242.94 342.81 252.8 334.92 254.77
./images/539.jpg 648.84 450.36 1103.54 777.48 679.92 613.92 1052.84 507.61 917.08 779.12 746.98 751.31 1047.93 666.26 697.91 694.07 1070.83 597.56 827.12 787.30 992.32 734.96 710.99 610.65 732.26 553.40 792.78 530.50 848.39 520.69 899.09 486.34 961.24 509.24 753.52 597.56 776.42 581.21 796.05 581.21 782.96 604.11 872.92 566.49 892.55 548.50 918.72 546.86 900.73 573.03 789.50 623.73 833.67 615.56 879.46 597.56 791.14 676.07 835.30 674.44 890.91 661.35 933.44 654.81 900.73 684.25 843.48 698.97
./images/538.jpg 1019.55 310.07 1656.69 849.91 1038.38 517.22 1603.34 506.23 1371.08 857.76 1107.43 733.78 1575.09 725.93 1050.94 644.33 1612.75 608.24 1215.72 826.37 1507.61 807.54 1140.39 525.06 1209.44 459.15 1308.31 435.61 1410.31 460.72 1479.36 419.92 1540.56 484.26 1221.99 528.20 1262.80 485.83 1308.31 521.92 1267.50 561.16 1419.73 521.92 1449.54 476.41 1499.76 517.22 1457.39 554.88 1319.29 611.37 1391.48 628.64 1452.68 603.53 1286.34 694.55 1331.85 694.55 1405.60 696.12 1462.10 680.42 1419.73 747.90 1338.12 749.47
./images/537.jpg 928.12 533.20 1383.09 941.68 949.70 664.38 1361.50 709.21 1107.45 908.47 969.63 810.50 1300.06 855.33 948.04 745.74 1353.20 790.57 1021.10 870.28 1220.36 900.16 1002.84 669.36 1059.29 627.85 1115.75 667.70 1170.55 677.66 1220.36 646.11 1283.46 692.61 1041.03 667.70 1074.24 649.43 1095.82 666.04 1067.60 692.61 1187.15 690.95 1212.06 676.00 1243.61 697.59 1210.40 705.89 1082.54 727.48 1122.39 740.76 1180.51 735.78 1082.54 800.54 1110.77 803.86 1139.00 803.86 1152.28 803.86 1142.32 817.14 1114.09 817.14
./images/536.jpg 1222.11 439.44 1779.53 902.10 1262.98 615.96 1785.10 641.97 1450.65 920.68 1298.29 801.77 1710.78 824.06 1262.98 712.58 1775.81 727.44 1355.89 872.37 1612.30 900.24 1311.29 628.97 1368.89 562.08 1445.07 575.08 1523.11 604.81 1590.00 569.51 1669.90 630.82 1361.46 627.11 1396.76 601.09 1426.49 628.97 1385.62 656.84 1534.26 653.12 1567.71 619.68 1599.29 638.26 1569.56 664.27 1407.91 712.58 1459.94 734.88 1524.97 716.29 1385.62 794.33 1428.35 794.33 1493.38 798.05 1558.42 809.20 1498.96 825.92 1432.07 825.92
./images/535.jpg 562.73 357.18 1651.44 1344.27 635.31 853.63 1648.53 775.24 1282.73 1329.76 794.98 1149.76 1538.21 1085.89 699.18 1013.31 1622.40 917.50 989.50 1292.02 1454.02 1202.02 841.44 818.79 1009.82 743.31 1186.92 749.11 1305.95 734.60 1427.89 691.05 1541.11 725.89 983.69 836.21 1059.18 772.34 1143.37 815.89 1073.69 868.15 1340.79 815.89 1387.24 746.21 1459.82 769.44 1410.47 818.79 1160.79 995.89 1294.34 1036.53 1404.66 972.66 1094.02 1184.60 1184.02 1184.60 1311.76 1172.98 1401.76 1132.34 1343.69 1216.53 1218.85 1236.85
./images/534.jpg 728.51 443.91 1432.72 1020.84 779.75 743.12 1381.48 622.44 1188.07 991.08 898.78 921.65 1356.68 830.73 824.39 835.69 1398.01 721.63 1017.80 996.04 1302.13 916.69 885.55 719.98 964.90 630.71 1085.58 657.16 1161.62 642.28 1216.17 567.89 1312.05 619.14 978.12 726.59 1017.80 688.57 1065.74 706.75 1031.02 741.47 1189.72 695.18 1219.47 650.55 1262.45 667.08 1236.01 715.02 1092.19 822.47 1168.23 830.73 1222.78 792.71 1055.82 893.55 1140.13 908.43 1214.52 895.20 1254.19 857.18 1219.47 923.30 1141.78 939.84
./images/533.jpg 780.49 394.13 1489.48 1009.31 822.02 677.11 1434.12 615.60 1254.18 981.63 918.91 890.89 1431.04 797.07 851.24 777.08 1447.96 706.34 1072.70 987.78 1381.83 892.43 952.74 689.42 1048.10 583.30 1161.90 624.82 1246.49 614.06 1300.32 535.62 1383.37 626.36 1049.63 684.80 1083.47 646.36 1141.91 669.42 1103.46 704.80 1269.56 646.36 1294.17 614.06 1335.69 638.67 1309.54 672.50 1180.36 764.78 1258.79 777.08 1311.08 741.71 1121.92 864.74 1211.12 864.74 1281.86 855.52 1324.92 829.37 1291.09 893.96 1214.19 904.73
./images/532.jpg 715.63 338.85 1476.92 1084.02 764.02 582.40 1467.24 696.92 1070.47 1046.92 820.47 856.60 1376.92 935.63 764.02 717.89 1441.44 819.50 918.85 985.63 1244.66 1011.44 909.18 632.40 1026.92 550.15 1154.34 624.34 1244.66 656.60 1323.69 574.34 1402.73 669.50 1014.02 645.31 1070.47 616.27 1110.79 659.82 1059.18 674.34 1252.73 701.76 1294.66 653.37 1338.21 698.53 1293.05 721.11 1120.47 766.27 1188.21 814.66 1272.08 806.60 1014.02 864.66 1089.82 892.08 1173.69 914.66 1249.50 914.66 1170.47 966.27 1083.37 940.47
./images/531.jpg 1237.57 394.13 1718.94 769.39 1285.25 535.62 1677.42 552.54 1479.02 758.63 1317.54 663.27 1631.28 681.73 1288.32 604.83 1674.34 620.21 1382.13 721.71 1568.23 734.02 1348.30 544.85 1394.44 501.79 1460.57 501.79 1512.86 514.09 1555.92 487.95 1609.75 524.86 1402.13 549.47 1419.05 531.01 1451.34 551.00 1425.20 566.38 1523.63 555.62 1546.69 532.55 1572.84 558.69 1549.77 577.15 1439.04 600.22 1485.18 614.06 1528.24 603.29 1429.81 650.97 1459.03 660.20 1491.33 660.20 1540.54 657.12 1499.02 689.42 1451.34 680.19
./images/530.jpg 1167.78 344.16 1722.16 741.97 1206.12 492.74 1658.26 473.57 1439.38 740.37 1247.66 650.91 1640.68 638.12 1201.33 571.02 1675.83 567.83 1325.95 710.02 1562.40 710.02 1271.63 511.91 1335.53 451.20 1412.22 443.21 1468.14 462.38 1511.27 419.25 1592.75 468.77 1338.73 499.13 1364.29 481.56 1391.45 492.74 1362.69 518.30 1484.11 497.53 1508.08 471.97 1540.03 489.54 1508.08 518.30 1391.45 563.04 1447.37 574.22 1488.91 553.45 1372.28 615.76 1417.01 630.14 1472.93 625.34 1520.86 606.17 1456.95 652.50 1399.44 646.11
./images/529.jpg 597.48 486.41 1308.01 1000.08 669.76 783.23 1211.12 595.60 1043.48 1006.23 792.80 960.09 1234.19 820.14 711.29 881.66 1244.95 686.34 897.38 1007.77 1180.36 909.34 760.50 767.85 806.64 674.04 920.45 661.74 983.50 654.05 1057.32 583.30 1143.45 618.67 829.71 746.32 862.01 706.34 908.14 717.10 874.31 755.55 1017.34 680.19 1049.63 643.28 1089.62 655.58 1057.32 692.49 925.06 798.61 988.12 798.61 1046.56 761.70 949.67 909.34 988.12 903.19 1032.72 884.74 1080.39 870.89 1054.25 907.80 1003.50 927.80
./images/528.jpg 1023.49 394.13 2078.51 1236.92 1058.86 714.02 2043.14 710.95 1458.72 1276.91 1120.38 1038.53 1913.95 1092.36 1060.40 873.97 2035.45 912.42 1249.56 1175.41 1715.56 1227.70 1137.30 730.94 1246.49 632.51 1409.51 615.60 1547.92 670.96 1680.19 646.36 1837.06 700.18 1255.72 724.79 1309.54 669.42 1378.75 704.80 1320.31 772.47 1590.99 737.09 1650.97 687.88 1730.94 732.48 1649.43 769.39 1344.92 860.13 1438.73 890.89 1561.77 864.74 1306.47 1003.16 1389.52 1030.84 1491.02 1036.99 1647.89 1021.61 1524.86 1073.90 1400.28 1064.67
./images/527.jpg 1250.76 385.60 1871.21 820.74 1316.94 580.83 1803.38 564.29 1546.92 830.67 1356.65 728.09 1737.20 729.74 1321.90 660.25 1798.41 650.32 1429.45 802.54 1649.50 797.58 1359.96 592.41 1406.28 536.16 1487.36 551.05 1543.61 551.05 1603.18 527.89 1689.21 552.71 1411.25 585.80 1434.41 557.67 1467.50 580.83 1437.72 610.61 1566.78 582.49 1594.90 554.36 1631.30 580.83 1596.56 602.34 1457.58 658.60 1500.59 665.22 1553.54 650.32 1454.27 724.78 1485.70 729.74 1527.07 734.71 1575.05 723.12 1535.34 752.91 1487.36 747.94
./images/526.jpg 1598.79 566.38 2209.35 998.54 1677.23 820.14 2170.90 704.80 1943.29 1001.62 1757.20 944.72 2137.07 864.74 1711.06 889.35 2172.44 780.16 1835.63 986.24 2086.32 933.95 1714.14 803.23 1755.66 749.40 1832.56 783.23 1886.39 754.01 1947.90 700.18 2032.49 738.63 1764.89 800.15 1787.96 772.47 1815.64 795.54 1791.03 823.22 1909.45 778.62 1938.68 747.86 1984.81 766.31 1949.44 781.69 1806.41 873.97 1854.09 883.20 1917.14 850.90 1817.18 926.26 1864.85 933.95 1904.84 918.57 1949.44 901.65 1920.22 944.72 1864.85 952.40
./images/525.jpg 1740.23 572.25 2297.97 982.12 1764.34 787.63 2252.97 675.12 2023.12 1001.40 1831.85 937.11 2232.07 853.53 1783.63 872.82 2262.61 753.88 1917.04 983.72 2145.28 945.15 1806.13 798.88 1838.28 736.20 1907.39 731.37 1963.65 726.55 2026.33 684.76 2113.13 705.66 1844.71 782.81 1867.21 760.31 1905.78 773.16 1875.25 802.10 1995.79 758.70 2023.12 728.16 2066.52 736.20 2032.76 760.31 1894.53 851.92 1937.93 855.14 1990.97 831.03 1900.96 911.39 1947.57 919.43 2002.22 901.75 2045.62 871.21 2011.87 921.04 1955.61 932.29
./images/524.jpg 950.96 500.48 1326.16 797.38 995.01 616.30 1311.48 591.83 1192.40 797.38 1045.58 733.76 1304.96 710.92 1003.16 681.56 1319.64 652.19 1099.41 776.17 1273.96 764.75 1063.52 627.72 1110.83 580.42 1156.51 580.42 1205.45 588.57 1236.44 560.84 1288.64 591.83 1105.94 624.46 1125.51 604.89 1153.25 617.94 1133.67 640.77 1218.50 606.52 1236.44 591.83 1260.91 608.15 1236.44 622.83 1161.40 668.51 1202.18 671.77 1236.44 652.19 1140.20 699.50 1174.45 709.29 1221.76 709.29 1244.60 684.82 1225.02 717.45 1177.72 720.71
./images/523.jpg 783.37 409.44 1851.76 1297.82 829.82 725.89 1828.53 682.34 1430.79 1268.79 948.85 1068.47 1805.31 1004.60 832.73 879.76 1840.15 821.69 1128.85 1233.95 1703.69 1143.95 1004.02 711.37 1143.37 612.66 1326.27 612.66 1436.60 618.47 1555.63 551.69 1706.60 638.79 1125.95 696.85 1189.82 638.79 1268.21 679.44 1195.63 746.21 1485.95 673.63 1570.15 612.66 1628.21 667.82 1549.82 720.08 1279.82 815.89 1401.76 839.11 1532.40 807.18 1276.92 1019.11 1364.02 998.79 1462.73 995.89 1561.44 1001.69 1483.05 1053.95 1378.53 1065.56
./images/522.jpg 745.12 429.51 1853.97 1241.54 806.64 757.09 1806.30 690.96 1440.27 1272.30 925.06 1104.66 1784.77 1017.00 823.56 935.49 1835.52 840.14 1137.30 1244.61 1663.27 1166.18 960.43 789.38 1112.69 664.81 1284.94 626.36 1398.74 646.36 1535.62 614.06 1674.04 667.89 1091.16 737.09 1168.05 678.65 1235.72 715.56 1177.28 772.47 1451.03 697.11 1514.09 643.28 1589.45 692.49 1518.70 750.94 1255.72 838.60 1381.83 843.21 1494.10 800.15 1238.80 1032.38 1349.53 1007.77 1444.88 992.39 1541.77 1003.16 1452.57 1046.22 1346.45 1061.60
./images/521.jpg 1177.62 639.30 1574.82 965.81 1194.45 775.63 1531.06 782.36 1396.41 955.71 1248.31 885.03 1514.23 885.03 1207.92 831.17 1527.69 834.54 1307.21 933.83 1468.78 930.47 1278.60 773.95 1332.46 740.29 1379.58 740.29 1421.66 753.75 1453.64 745.33 1488.98 770.58 1325.73 780.68 1345.92 760.48 1362.75 770.58 1345.92 792.46 1435.12 779.00 1446.91 765.53 1468.78 780.68 1453.64 792.46 1376.22 817.70 1414.93 827.80 1443.54 814.34 1364.44 874.93 1389.68 874.93 1418.29 874.93 1445.22 876.61 1426.71 896.81 1396.41 895.12
./images/520.jpg 1052.86 397.68 1885.19 1098.78 1116.76 579.00 1757.41 585.91 1420.68 1109.14 1104.67 893.28 1804.03 915.73 1083.95 717.15 1829.94 724.05 1211.73 1021.07 1653.80 1045.24 1203.10 591.09 1308.43 520.29 1422.40 551.37 1517.38 572.09 1607.17 518.56 1709.06 604.90 1289.44 591.09 1336.06 544.46 1393.05 592.82 1327.43 637.71 1546.74 610.08 1596.81 560.01 1645.16 608.36 1591.63 658.44 1389.59 656.71 1460.39 668.80 1543.28 673.98 1334.34 836.30 1396.50 794.85 1520.83 817.30 1569.18 886.38 1489.75 893.28 1401.68 869.11
./images/519.jpg 831.53 516.85 2031.86 1414.33 938.78 855.97 1896.21 770.79 1473.49 1441.15 1005.03 1196.66 1859.93 1206.13 943.52 1027.89 1941.95 964.80 1169.07 1373.32 1724.28 1348.09 1057.08 851.23 1197.46 736.09 1370.97 781.83 1497.15 743.98 1620.18 657.23 1779.49 767.64 1191.15 816.53 1252.67 756.60 1323.65 805.49 1260.55 895.40 1541.31 788.14 1598.10 718.74 1667.50 767.64 1604.41 843.35 1347.31 936.41 1452.99 944.30 1572.86 922.21 1293.68 1155.65 1402.51 1127.26 1535.01 1120.95 1634.38 1161.96 1561.82 1196.66 1394.63 1206.13
./images/518.jpg 849.39 409.54 1819.03 1160.39 948.84 767.56 1770.96 714.52 1384.76 1198.51 1066.52 1055.97 1693.06 1007.90 972.04 925.03 1767.64 865.36 1175.92 1143.82 1565.43 1130.56 1031.71 789.11 1147.74 692.97 1296.91 747.67 1404.65 739.38 1522.33 664.80 1651.62 716.18 1147.74 794.08 1209.07 739.38 1262.11 787.45 1205.75 825.58 1447.75 775.85 1499.13 716.18 1558.80 747.67 1499.13 789.11 1268.74 938.29 1376.47 958.18 1474.27 905.14 1233.93 1009.56 1306.86 1054.31 1419.57 1046.02 1533.94 953.20 1465.98 1087.46 1316.80 1120.61
./images/517.jpg 1185.35 491.14 1541.63 751.56 1222.10 593.39 1516.07 591.79 1365.89 759.55 1250.86 692.44 1488.91 694.04 1226.89 647.71 1517.66 644.52 1290.80 738.78 1437.78 740.37 1271.63 604.57 1303.58 559.84 1359.50 575.82 1401.04 587.00 1432.99 553.45 1466.54 591.79 1308.37 604.57 1327.54 587.00 1346.72 596.59 1330.74 609.37 1409.02 598.18 1421.81 590.20 1437.78 599.78 1420.21 612.56 1346.72 642.92 1386.66 655.70 1415.42 641.32 1335.53 676.47 1364.29 686.05 1401.04 686.05 1429.79 671.68 1409.02 695.64 1370.68 698.84
./images/516.jpg 1263.41 381.83 1629.44 701.72 1324.92 472.57 1607.90 511.02 1434.12 677.11 1321.85 580.22 1561.77 632.51 1317.23 527.93 1604.83 575.61 1355.68 643.28 1495.63 664.81 1346.45 501.79 1377.21 461.80 1437.19 461.80 1480.26 495.64 1520.24 469.49 1558.69 506.40 1387.98 506.40 1403.36 486.41 1431.04 500.25 1409.51 515.63 1487.94 514.09 1504.86 497.18 1526.39 507.94 1511.01 529.47 1424.89 546.39 1452.57 557.16 1486.41 549.47 1394.13 567.92 1415.66 583.30 1460.26 597.14 1509.48 572.53 1467.95 618.67 1414.12 614.06
./images/515.jpg 1075.62 391.61 1707.16 858.62 1138.77 567.77 1655.64 524.56 1391.39 856.95 1172.01 748.93 1629.05 728.98 1132.12 645.89 1665.61 607.66 1238.49 822.05 1535.98 817.07 1198.60 556.14 1253.44 494.65 1341.53 499.63 1403.02 496.31 1471.16 466.39 1560.91 509.61 1256.77 556.14 1291.67 532.87 1326.57 551.15 1293.33 576.08 1429.61 544.51 1464.51 517.92 1501.08 534.53 1464.51 574.42 1313.27 625.94 1364.80 629.27 1426.29 612.65 1301.64 724.00 1341.53 709.04 1399.70 705.72 1474.48 709.04 1414.65 737.29 1349.84 748.93
./images/514.jpg 1244.95 360.30 1941.64 870.89 1328.00 620.21 1904.73 551.00 1681.72 895.50 1424.89 817.07 1875.50 755.55 1355.68 721.71 1912.42 646.36 1531.01 883.20 1803.22 841.67 1424.89 635.59 1491.02 541.78 1594.06 547.93 1674.04 540.24 1734.01 492.56 1820.14 551.00 1498.71 615.60 1534.08 580.22 1577.15 604.83 1547.92 640.20 1692.49 595.60 1726.33 561.77 1767.85 584.84 1732.48 614.06 1583.30 709.41 1649.43 720.18 1715.56 689.42 1572.53 792.46 1620.21 807.84 1698.64 797.07 1735.55 775.54 1701.72 809.38 1637.12 821.68
./images/513.jpg 1407.97 424.89 2023.15 889.35 1446.42 674.04 1961.63 549.47 1763.24 920.11 1529.47 850.90 1955.48 744.78 1461.80 770.93 1978.55 638.67 1629.44 915.49 1903.19 829.37 1492.56 670.96 1531.01 601.76 1623.28 592.53 1689.41 594.07 1740.17 546.39 1838.59 569.46 1549.46 646.36 1578.68 620.21 1607.90 637.13 1575.61 672.50 1718.64 621.75 1744.78 589.45 1786.30 606.37 1752.47 643.28 1600.21 743.25 1661.73 741.71 1720.17 714.02 1614.06 838.60 1646.35 821.68 1704.79 809.38 1781.69 810.91 1743.24 846.29 1669.42 867.82
./images/512.jpg 1446.77 454.58 2064.54 923.83 1492.59 671.03 1996.60 645.75 1781.73 934.89 1566.85 841.67 1972.90 808.49 1511.55 761.09 1998.18 720.01 1656.91 911.19 1906.54 887.49 1585.81 682.09 1641.11 622.05 1739.07 617.31 1799.11 634.69 1860.72 582.55 1925.50 623.63 1653.75 680.51 1685.35 655.23 1721.69 674.19 1686.93 708.95 1818.06 669.45 1841.76 642.59 1882.84 661.55 1855.98 693.15 1721.69 762.67 1781.73 778.47 1841.76 753.19 1705.89 838.51 1758.03 844.83 1800.68 844.83 1852.82 824.29 1818.06 859.05 1756.45 862.21
./images/511.jpg 982.36 705.43 1554.07 1155.92 1027.59 839.31 1497.98 844.74 1215.75 1154.11 1027.59 1041.94 1447.32 1063.65 1009.49 929.77 1519.69 956.91 1101.76 1125.16 1347.82 1125.16 1061.96 862.83 1121.67 795.89 1195.84 788.65 1268.21 812.17 1342.39 788.65 1405.71 846.54 1118.05 859.21 1152.42 830.26 1181.37 853.78 1150.61 888.16 1273.64 868.25 1320.68 832.07 1353.25 864.64 1317.06 882.73 1152.42 920.72 1204.89 927.96 1264.59 917.10 1156.04 1020.23 1186.80 1005.76 1226.60 1007.56 1273.64 1014.80 1232.03 1032.89 1190.42 1031.08
./images/510.jpg 928.93 480.84 1548.29 946.55 1012.15 612.07 1482.67 624.87 1292.22 948.15 1064.97 845.73 1487.47 837.72 989.75 711.29 1514.68 719.29 1156.19 912.94 1425.06 901.74 1093.77 623.27 1157.79 565.66 1253.81 552.85 1325.83 578.46 1380.25 557.65 1447.46 621.67 1165.79 631.27 1201.00 602.47 1241.01 629.67 1201.00 653.68 1338.63 631.27 1365.84 608.87 1402.65 636.07 1369.04 658.48 1245.81 672.88 1308.23 679.28 1361.04 672.88 1210.60 797.71 1260.22 773.71 1332.23 768.91 1377.04 807.32 1335.43 828.12 1269.82 826.52
./images/509.jpg 805.88 382.64 1443.27 938.90 834.86 548.75 1394.98 581.58 1182.52 915.72 912.11 780.52 1387.25 763.14 848.38 674.29 1408.50 674.29 1024.14 879.03 1323.52 857.78 964.26 548.75 1047.32 498.53 1147.75 519.77 1219.22 552.61 1259.78 502.39 1346.69 569.99 1041.52 550.68 1074.36 531.36 1114.92 560.34 1076.29 591.24 1228.87 591.24 1261.71 548.75 1296.48 575.79 1271.37 606.69 1128.44 645.32 1190.25 660.77 1248.19 647.25 1101.40 790.18 1157.41 776.66 1207.63 776.66 1244.33 794.04 1211.49 819.15 1161.27 819.15
./images/508.jpg 867.56 328.15 1784.98 1042.34 934.34 656.21 1663.05 592.34 1358.21 1036.53 1041.76 911.69 1619.50 853.63 948.85 804.27 1668.85 720.08 1169.50 1019.11 1503.37 969.76 1047.56 644.60 1143.37 557.50 1276.92 577.82 1378.53 586.53 1465.63 496.53 1575.95 589.44 1152.08 656.21 1210.15 609.76 1265.31 662.02 1201.44 696.85 1410.47 627.18 1442.40 583.63 1506.27 627.18 1459.82 670.73 1276.92 760.73 1352.40 778.15 1445.31 743.31 1239.18 871.05 1297.24 873.95 1375.63 868.15 1448.21 859.44 1395.95 902.98 1303.05 920.40
./images/507.jpg 772.13 623.99 1177.76 898.56 847.02 787.80 1134.07 683.27 1059.19 898.56 917.22 876.72 1138.75 804.96 870.42 842.40 1148.11 745.68 990.55 909.48 1109.11 850.20 903.18 780.00 929.70 728.51 985.87 730.07 1023.31 717.59 1046.71 669.23 1096.63 694.19 943.74 755.04 960.90 739.43 979.63 745.68 964.02 765.96 1038.91 728.51 1052.95 708.23 1073.23 716.03 1059.19 737.87 995.23 792.48 1029.55 797.16 1063.87 776.88 992.11 848.64 1020.19 831.48 1056.07 828.36 1077.91 828.36 1065.43 847.08 1027.99 859.56
./images/506.jpg 785.11 484.87 1140.37 820.14 809.72 647.89 1103.46 638.67 991.19 818.60 854.32 763.24 1100.39 732.48 817.40 715.56 1115.76 684.80 914.29 804.76 1063.47 784.77 871.23 660.20 903.53 620.21 957.36 614.06 1003.50 629.44 1041.94 600.22 1074.24 632.51 918.91 655.58 934.29 637.13 954.28 652.51 935.83 669.42 1012.72 650.97 1028.10 634.05 1046.56 643.28 1034.25 661.74 966.58 694.03 998.88 700.18 1026.56 687.88 951.21 723.25 974.27 732.48 1008.11 737.09 1031.18 729.40 1015.80 755.55 980.43 754.01
./images/505.jpg 843.48 384.33 1131.35 614.25 869.94 482.37 1109.41 473.88 1009.21 636.93 900.51 587.67 1102.62 565.59 869.94 541.81 1116.21 519.73 948.06 621.64 1060.16 616.54 909.00 502.75 936.18 468.78 971.84 461.99 1010.91 477.27 1048.27 453.50 1072.05 470.48 937.87 501.05 954.86 482.37 973.54 494.26 956.56 511.24 1019.40 490.86 1034.68 472.18 1053.37 490.86 1036.38 502.75 970.14 533.32 997.32 538.42 1027.89 524.83 983.73 572.39 1000.71 572.39 1010.91 570.69 1024.49 565.59 1017.70 589.37 1000.71 589.37
./images/504.jpg 493.09 414.13 891.42 749.40 531.54 555.62 846.82 551.00 708.40 744.78 569.99 692.49 834.51 669.42 530.00 623.29 854.51 610.98 625.36 732.48 789.91 718.64 580.76 563.31 622.28 527.93 682.26 537.16 723.78 544.85 762.23 512.56 803.76 543.31 626.89 571.00 645.35 549.47 668.42 563.31 651.50 587.91 731.47 563.31 751.47 541.78 766.85 561.77 751.47 583.30 669.96 610.98 711.48 617.13 745.31 601.76 659.19 641.74 691.49 654.05 731.47 652.51 757.62 632.51 734.55 669.42 689.95 669.42
./images/503.jpg 1168.31 648.49 1807.71 1173.94 1279.10 740.28 1799.80 855.82 1440.53 1159.69 1239.53 947.61 1701.67 1096.39 1244.28 852.65 1806.13 977.68 1304.42 1074.23 1587.72 1148.61 1312.33 802.01 1407.29 738.70 1492.76 737.12 1560.81 778.27 1632.03 775.10 1701.67 832.08 1391.47 795.68 1434.20 768.77 1459.52 795.68 1418.37 825.75 1567.14 836.83 1609.88 808.34 1638.36 836.83 1603.54 874.81 1432.62 868.48 1488.01 889.05 1548.15 889.05 1389.88 985.60 1429.45 974.52 1495.92 988.76 1559.23 1023.58 1513.33 1034.66 1442.11 1026.75
./images/502.jpg 1771.76 367.61 2468.33 944.13 1832.63 521.46 2429.44 592.47 1969.57 908.63 1810.65 719.27 2302.64 830.86 1803.89 611.07 2405.77 729.42 1857.99 822.40 2147.09 912.01 1876.58 519.77 1934.07 474.12 2013.53 479.20 2091.30 534.99 2187.67 513.01 2275.59 584.02 1918.85 543.44 1957.74 513.01 1993.24 543.44 1947.59 580.64 2103.14 577.26 2152.17 551.89 2189.36 589.09 2138.64 609.38 1942.52 626.29 1986.48 651.65 2067.63 651.65 1937.45 742.94 1964.50 741.25 2005.08 748.01 2072.70 756.47 2025.37 791.97 1962.81 793.66
./images/501.jpg 1772.39 455.65 2286.06 790.92 1847.75 583.30 2256.84 506.40 2015.38 821.68 1850.82 707.87 2224.54 694.03 1835.44 652.51 2282.98 594.07 1907.72 784.77 2139.95 777.08 1866.20 595.60 1904.65 534.09 1961.55 543.31 2015.38 535.62 2061.52 498.71 2144.57 531.01 1904.65 583.30 1926.18 555.62 1949.25 572.53 1927.72 606.37 2035.37 561.77 2063.06 532.55 2092.28 546.39 2069.21 580.22 1930.79 629.44 1972.32 630.98 2018.46 609.45 1947.71 703.26 1966.17 694.03 1998.46 687.88 2041.52 674.04 2007.69 706.34 1973.86 717.10
./images/500.jpg 1146.62 295.64 2127.40 1016.85 1276.41 538.78 2025.55 482.92 1687.12 1044.78 1348.69 885.42 2009.12 827.92 1258.33 698.14 2074.83 640.64 1475.19 988.92 1885.90 960.99 1360.19 551.92 1442.33 448.42 1581.98 420.49 1698.62 443.49 1792.26 395.85 1910.55 479.64 1450.55 543.71 1508.05 486.21 1562.26 528.92 1506.41 594.64 1719.98 517.42 1772.55 469.78 1838.26 519.06 1782.40 573.28 1555.69 619.28 1642.76 619.28 1724.90 594.64 1583.62 798.35 1614.83 778.64 1673.98 763.85 1723.26 778.64 1692.05 814.78 1631.26 819.71
./images/200.jpg 731.11 123.76 1640.79 890.21 746.60 476.02 1625.31 414.08 1218.85 882.47 889.82 758.60 1563.37 700.53 789.18 615.37 1621.44 549.56 1009.82 839.89 1420.15 812.79 851.11 421.82 967.24 348.27 1141.44 356.02 1276.92 352.15 1454.98 336.66 1528.53 483.76 971.11 425.69 1036.92 359.89 1098.85 406.34 1044.66 460.53 1296.27 414.08 1358.21 352.15 1439.50 414.08 1365.95 468.27 1083.37 584.40 1191.76 615.37 1323.37 580.53 1048.53 704.40 1137.56 723.76 1242.08 727.63 1338.85 716.02 1269.18 797.31 1118.21 789.56
./images/201.jpg 374.98 255.37 982.73 716.02 382.73 402.47 986.60 421.82 734.98 708.27 471.76 588.27 947.89 572.79 413.69 503.11 978.85 499.24 564.66 665.69 874.34 657.95 518.21 379.24 599.50 317.31 707.89 356.02 777.56 359.89 866.60 352.15 928.53 386.98 587.89 375.37 638.21 359.89 680.79 383.11 626.60 394.73 793.05 367.63 851.11 363.76 878.21 386.98 831.76 394.73 692.40 414.08 754.34 437.31 831.76 425.69 638.21 510.85 707.89 526.34 789.18 518.60 851.11 514.73 808.53 565.05 742.73 565.05
./images/202.jpg 799.21 291.03 1115.55 603.57 818.93 427.58 1100.38 429.85 903.14 586.12 821.97 500.40 1073.82 503.44 817.41 465.51 1095.82 466.26 851.55 548.95 1013.89 564.88 826.52 429.09 857.62 388.13 885.69 421.51 850.03 427.58 862.17 416.96 877.34 432.89 859.14 438.20 913.76 426.82 952.45 406.33 1002.51 439.71 921.34 444.27 939.55 432.13 967.62 447.30 941.07 454.13 845.48 476.13 865.97 488.26 902.38 480.68 849.28 505.71 875.83 525.44 904.65 522.40 939.55 501.92 901.62 543.64 868.24 540.61
./images/203.jpg 801.22 299.01 1017.64 453.59 812.53 370.65 1009.34 363.10 892.46 458.87 821.58 425.69 979.18 411.37 811.77 397.04 998.79 388.74 844.95 446.05 949.77 436.25 830.63 366.12 857.77 326.91 875.87 343.50 896.23 340.48 925.64 321.63 959.58 338.97 847.97 357.83 859.28 346.51 869.09 351.04 855.51 363.10 906.79 345.01 914.33 337.47 929.41 345.76 912.07 354.81 860.79 366.87 882.66 368.38 900.76 360.84 859.28 402.32 875.12 393.27 897.74 391.76 918.85 392.51 895.48 403.07 878.13 406.09
./images/204.jpg 866.36 271.10 1067.42 464.71 878.77 353.84 1064.93 393.55 975.57 462.23 901.11 416.72 1051.70 437.40 886.22 390.24 1058.31 414.24 925.93 439.89 1021.91 454.78 931.72 338.94 975.57 323.22 994.60 353.01 1014.46 356.32 1028.53 338.12 1046.73 371.21 959.03 348.05 970.61 343.08 982.19 351.36 966.47 360.46 1017.77 360.46 1026.05 356.32 1035.15 366.25 1027.70 372.04 991.30 371.21 1008.67 379.49 1024.39 380.31 964.82 404.31 983.85 401.83 1004.53 407.62 1018.60 410.93 1006.19 419.20 987.16 414.24
./images/205.jpg 602.54 158.52 1273.67 694.33 653.74 462.08 1244.41 279.21 1048.74 694.33 739.69 610.21 1251.72 454.77 683.00 520.60 1259.04 357.85 845.76 685.18 1178.58 608.38 710.43 438.31 772.61 354.19 873.19 366.99 940.85 343.22 1001.19 271.90 1110.91 306.65 783.58 451.11 800.04 401.74 862.21 414.54 842.10 471.23 979.25 363.33 1003.02 319.45 1056.05 330.42 1037.77 376.13 885.99 516.94 948.16 518.77 1015.82 465.74 920.73 626.66 973.76 604.72 1023.14 588.26 1087.14 564.49 1048.74 630.32 1001.19 655.92
./images/206.jpg 907.93 302.99 1209.66 569.97 926.22 416.37 1198.69 432.82 1057.88 566.32 942.68 507.80 1167.60 520.60 922.56 454.77 1191.38 482.20 966.45 544.37 1120.06 559.00 955.48 420.02 990.22 398.08 1026.80 407.22 1070.68 405.39 1109.09 392.59 1156.63 416.37 979.25 423.68 1006.68 410.88 1021.31 423.68 1003.02 438.31 1078.00 421.85 1099.94 410.88 1120.06 425.51 1094.46 436.48 1013.99 465.74 1039.60 476.71 1083.48 469.40 1023.14 515.11 1035.94 515.11 1054.23 518.77 1068.86 511.46 1061.54 533.40 1039.60 527.92
./images/207.jpg 1151.92 395.84 1357.99 556.24 1173.84 477.32 1359.08 444.43 1264.82 562.81 1186.26 527.37 1341.55 509.83 1176.76 500.34 1355.06 474.39 1211.11 550.39 1310.12 543.81 1186.26 475.86 1202.70 451.38 1231.20 457.59 1250.93 448.09 1278.34 445.90 1311.59 451.38 1206.36 470.01 1214.76 459.41 1227.55 466.36 1216.95 475.86 1262.26 456.13 1268.11 447.36 1284.55 452.47 1273.95 459.41 1224.99 487.18 1242.90 487.18 1261.16 478.41 1228.65 519.70 1241.80 514.58 1260.43 508.37 1287.84 508.74 1271.76 521.89 1244.72 529.20
./images/208.jpg 731.29 297.96 1083.90 568.03 748.89 418.13 1061.44 397.49 893.94 576.52 767.10 515.23 1052.34 495.81 744.04 459.40 1063.26 438.15 808.37 551.64 997.11 556.50 783.49 403.56 825.36 365.94 879.37 367.15 918.82 369.58 960.70 350.76 1012.89 389.00 829.00 405.38 847.82 385.36 870.27 404.78 849.03 416.91 932.78 399.31 950.38 381.71 971.62 399.31 948.56 413.27 862.38 435.12 893.33 436.94 929.75 430.27 848.42 492.17 878.77 486.71 918.22 486.10 959.48 492.17 921.86 501.88 883.02 503.09
./images/209.jpg 808.64 254.61 1210.43 583.42 821.44 420.14 1211.94 407.35 1034.37 609.75 861.31 528.49 1182.59 511.94 832.72 468.30 1205.92 457.01 912.48 575.89 1137.45 570.63 886.90 390.80 929.78 354.68 999.01 366.72 1047.91 366.72 1111.87 353.18 1150.99 393.06 932.79 406.60 952.36 390.80 983.20 408.10 951.60 420.89 1056.94 402.08 1078.76 384.78 1109.61 399.07 1081.02 417.13 980.19 460.77 1020.07 467.54 1064.47 454.00 977.94 520.97 1005.78 525.48 1041.14 525.48 1075.75 520.21 1042.65 541.28 1006.53 543.54
./images/210.jpg 866.42 292.37 1410.56 637.90 890.00 480.10 1365.21 431.13 1084.98 655.13 907.23 582.58 1303.55 567.16 891.81 527.26 1354.33 509.12 948.04 629.74 1203.79 620.67 931.72 427.50 982.50 360.39 1047.80 360.39 1104.03 355.86 1179.30 324.11 1255.48 384.88 977.06 412.99 1000.64 381.25 1029.66 395.76 999.73 417.52 1123.98 388.50 1153.00 358.58 1187.46 390.32 1154.81 403.01 1002.46 426.59 1043.27 426.59 1099.49 415.71 995.20 519.10 1025.13 496.42 1079.54 492.80 1147.56 512.75 1083.17 520.00 1041.45 523.63
./images/211.jpg 1039.46 296.70 1255.43 465.15 1046.66 381.17 1253.51 363.41 1138.81 469.47 1069.70 433.00 1235.75 424.84 1050.50 405.64 1248.71 391.72 1093.21 456.04 1200.24 458.92 1074.49 360.05 1102.81 337.49 1134.01 349.97 1157.04 353.81 1184.88 340.37 1216.08 361.49 1101.85 356.21 1113.37 346.61 1122.97 355.73 1110.97 364.85 1164.24 359.57 1175.76 350.45 1192.08 364.37 1177.20 370.13 1113.37 381.17 1137.85 385.49 1155.12 383.57 1106.17 413.32 1131.61 413.80 1147.45 416.68 1168.08 414.76 1149.36 429.64 1130.17 427.72
./images/212.jpg 779.46 350.52 1160.95 678.69 822.63 489.53 1162.22 494.61 1005.43 673.61 853.09 590.46 1150.79 591.73 830.88 542.22 1166.03 537.14 900.70 639.34 1116.52 636.80 888.64 495.25 946.40 479.38 1007.97 495.88 1046.69 495.88 1084.14 478.74 1136.83 494.61 941.96 497.15 966.71 486.36 989.57 498.42 965.45 506.67 1056.21 495.88 1072.08 487.00 1098.74 490.17 1074.62 502.23 999.09 532.06 1034.00 549.84 1076.53 543.49 966.71 565.07 999.09 582.21 1049.23 594.27 1087.95 570.78 1053.68 608.87 1005.43 606.96
./images/213.jpg 914.81 173.69 1316.91 496.30 938.19 348.56 1316.91 342.95 1104.64 533.71 971.86 454.22 1269.22 453.29 942.87 398.12 1301.01 404.66 1032.64 508.46 1198.15 513.14 972.79 338.27 1023.29 301.80 1070.98 336.40 1120.54 330.79 1173.84 292.45 1243.03 347.62 1014.87 350.43 1033.57 332.66 1064.43 361.65 1036.38 375.68 1136.43 353.23 1160.75 331.73 1187.86 351.36 1157.01 372.87 1056.01 427.11 1084.07 439.26 1131.76 425.24 1051.34 472.93 1077.52 477.60 1118.67 477.60 1166.36 468.25 1138.30 493.50 1086.87 500.98
./images/214.jpg 841.37 216.05 1221.62 594.71 855.75 359.84 1232.01 369.43 1112.98 593.11 886.10 481.27 1209.64 503.64 857.34 419.76 1232.01 420.55 936.43 545.98 1176.09 546.77 967.59 394.19 1036.29 343.86 1104.19 371.82 1148.93 367.83 1182.48 327.09 1214.43 366.23 1033.89 408.57 1060.25 379.81 1085.82 401.38 1058.66 428.54 1149.73 401.38 1173.69 371.82 1193.66 388.60 1173.69 413.36 1114.58 469.28 1157.72 484.46 1186.47 470.08 1077.03 530.80 1111.38 533.99 1156.12 537.19 1180.08 528.40 1163.31 554.76 1131.35 550.77
./images/215.jpg 589.74 185.95 1418.13 796.73 648.26 474.88 1366.93 471.23 1034.11 851.59 728.72 687.01 1308.41 692.50 662.89 590.09 1374.24 562.66 820.15 783.93 1222.46 800.39 774.44 441.97 884.16 368.82 1001.19 396.25 1092.63 392.59 1200.52 350.53 1275.50 441.97 869.53 462.08 928.05 423.68 960.96 451.11 924.39 496.83 1109.09 449.28 1162.12 416.37 1204.18 447.45 1156.63 485.86 973.76 562.66 1063.37 582.78 1147.49 559.00 911.59 697.98 1013.99 687.01 1098.11 687.01 1156.63 674.21 1092.63 760.16 1023.14 769.30
./images/216.jpg 502.73 174.08 1315.63 750.85 549.18 429.56 1245.95 445.05 928.53 789.56 649.82 634.73 1207.24 607.63 572.40 553.44 1249.82 561.18 738.85 716.02 1118.21 712.15 700.15 410.21 781.44 379.24 901.44 410.21 986.60 402.47 1067.89 371.50 1176.27 410.21 765.95 410.21 812.40 390.85 870.47 417.95 820.15 445.05 998.21 421.82 1044.66 390.85 1102.73 414.08 1052.40 441.18 870.47 510.85 963.37 526.34 1040.79 514.73 843.37 619.24 928.53 611.50 982.73 611.50 1044.66 623.11 994.34 661.82 909.18 665.69
./images/217.jpg 612.67 231.75 1095.70 597.24 650.50 386.32 1077.18 351.70 912.15 606.10 697.20 514.32 1082.01 461.19 654.53 436.23 1089.26 397.59 760.79 563.43 1013.58 552.16 725.37 364.58 787.36 319.50 858.21 332.38 908.12 319.50 970.11 292.93 1019.22 357.34 783.34 371.02 812.32 346.87 839.69 366.19 816.34 387.13 925.83 358.14 947.57 332.38 977.35 354.92 949.18 375.05 850.96 411.28 896.85 418.52 945.15 406.45 841.30 498.22 883.97 480.51 918.59 481.32 959.64 492.59 919.39 511.10 887.99 511.91
./images/218.jpg 598.07 240.93 1080.16 642.37 631.07 431.57 1077.41 419.65 865.70 644.20 672.31 549.80 1040.75 547.05 642.07 493.89 1074.66 481.06 724.55 606.62 983.93 610.29 705.31 434.32 767.63 406.82 840.03 410.49 893.19 408.65 948.18 381.16 1008.67 413.24 764.88 426.98 791.46 405.90 819.87 430.65 785.96 439.81 906.02 416.90 933.52 395.82 964.68 415.07 936.27 429.73 827.20 481.97 870.28 491.14 922.52 476.48 804.29 548.88 851.95 548.88 888.61 548.88 925.27 547.96 888.61 561.71 854.70 562.63
./images/219.jpg 849.34 305.13 1145.85 579.28 864.64 411.02 1142.32 409.26 979.36 579.87 880.52 513.39 1119.96 509.27 863.46 453.97 1142.32 456.91 914.64 555.16 1077.61 551.04 889.35 416.32 921.12 399.84 964.65 415.73 1001.71 417.49 1037.60 408.08 1085.84 422.20 922.29 419.26 939.35 409.26 958.77 421.02 935.82 429.85 1010.54 423.96 1025.25 416.90 1047.01 421.02 1025.83 433.38 945.24 451.61 971.12 458.09 1001.71 452.79 935.23 521.04 957.59 505.74 987.59 506.92 1030.54 522.21 992.30 547.51 960.53 550.45
./images/220.jpg 834.55 268.80 1187.76 632.94 842.75 400.80 1195.04 451.78 983.85 622.01 856.40 514.59 1169.56 551.01 840.93 448.14 1187.76 495.48 897.37 578.32 1094.00 610.18 892.81 407.17 942.88 401.71 995.68 428.11 1047.57 435.39 1093.09 426.29 1137.69 439.95 937.42 414.46 956.54 405.35 980.21 424.47 956.54 425.38 1056.67 435.39 1082.16 431.75 1103.10 438.13 1080.34 443.59 976.57 462.70 1009.34 480.00 1055.76 472.72 947.43 537.35 986.58 530.98 1026.63 539.17 1057.58 552.83 1016.62 584.69 978.39 575.59
./images/221.jpg 742.51 162.32 1109.51 459.20 797.47 269.70 1086.77 272.23 864.42 445.30 779.15 365.08 1062.13 368.24 779.15 310.13 1094.98 317.71 810.10 423.82 1010.34 418.14 808.84 270.96 854.95 227.38 875.16 250.75 909.27 251.38 944.01 229.27 1004.02 267.17 833.47 271.59 851.79 255.17 865.05 271.59 842.32 281.70 919.38 274.12 937.06 257.07 958.54 281.70 936.43 289.91 827.79 296.23 849.90 300.02 888.43 298.12 823.37 357.50 845.47 352.45 868.84 355.61 915.59 362.55 866.95 365.71 841.05 365.71
./images/222.jpg 862.28 247.90 1167.58 530.93 882.39 368.58 1156.81 377.92 1027.50 536.68 908.25 461.97 1133.10 465.56 880.24 409.53 1148.90 421.02 947.05 507.94 1097.18 514.41 933.40 367.15 983.68 344.88 1026.07 368.58 1056.95 367.86 1103.65 350.62 1132.38 381.51 974.34 375.77 990.15 361.40 1009.54 380.79 990.87 389.41 1065.57 382.95 1082.82 367.86 1102.21 382.23 1082.82 393.01 1011.70 417.43 1039.71 430.36 1069.89 423.18 985.12 475.62 1024.63 461.25 1058.39 461.25 1075.63 477.05 1045.46 518.00 1008.11 512.97
./images/223.jpg 782.08 545.14 905.37 645.76 791.29 588.13 897.57 590.49 838.76 644.81 797.19 622.38 888.13 624.50 789.64 603.48 897.10 606.55 812.55 638.20 869.94 637.96 802.63 590.02 818.45 576.79 832.39 586.47 844.67 587.89 859.55 578.21 875.14 591.91 815.85 591.43 821.52 586.95 828.13 594.03 821.99 598.52 849.63 593.80 856.71 588.36 862.62 593.80 855.53 600.88 823.88 607.97 835.22 612.46 846.79 608.91 820.58 624.03 831.20 624.74 840.18 625.45 852.93 625.45 840.42 628.99 831.44 629.46
./images/224.jpg 817.85 302.07 1068.29 529.47 818.60 361.52 1069.03 406.11 922.63 522.78 833.46 451.44 1034.85 474.47 818.60 399.42 1060.86 437.32 868.39 491.57 1005.12 509.40 858.73 363.75 892.91 348.89 927.09 377.12 959.79 382.33 991.00 370.44 1022.96 389.76 888.45 375.64 904.06 363.01 917.43 380.84 898.85 381.58 965.74 385.30 985.06 377.12 997.69 391.24 977.63 390.50 911.49 405.36 940.47 412.79 964.25 409.08 911.49 450.69 933.04 449.21 951.62 449.95 971.68 449.95 951.62 471.50 928.58 473.73
./images/225.jpg 675.77 186.96 1205.09 610.42 712.41 322.96 1177.40 339.24 989.29 619.38 759.64 522.47 1179.84 511.07 696.12 398.69 1191.24 414.16 832.12 574.59 1116.33 581.10 788.96 328.66 868.76 257.00 941.24 255.37 1008.02 270.03 1059.32 249.67 1128.54 317.26 856.55 317.26 894.82 283.06 930.66 317.26 900.52 349.02 1022.68 309.11 1049.55 283.06 1083.75 318.07 1062.58 343.32 940.43 357.16 995.80 364.49 1042.22 356.35 889.94 480.94 955.09 425.57 1030.00 420.68 1079.68 467.10 1025.93 513.51 958.34 515.96
./images/226.jpg 511.11 142.06 1262.70 822.33 567.80 363.33 1238.92 403.57 876.84 804.05 580.60 604.72 1193.21 641.29 547.68 476.71 1253.55 526.09 664.72 719.93 1068.86 763.82 664.72 339.56 761.64 273.73 884.16 279.21 951.82 264.59 1072.51 231.67 1149.32 379.79 741.52 335.90 807.35 288.36 842.10 334.08 790.90 377.96 973.76 328.59 1021.31 281.04 1070.68 346.88 1017.65 390.76 825.64 390.76 906.10 421.85 986.56 394.42 728.72 568.15 842.10 487.68 933.53 496.83 1046.91 579.12 931.70 670.55 832.96 657.75
./images/227.jpg 675.89 217.90 1202.10 629.68 699.32 363.87 1166.06 371.08 984.05 630.58 738.97 526.96 1181.38 508.04 687.61 418.83 1181.38 429.65 831.77 584.63 1108.39 590.03 784.02 350.35 857.00 290.89 934.49 304.40 986.75 304.40 1053.43 300.80 1121.91 360.27 845.29 341.34 882.23 308.91 920.08 344.95 884.03 378.29 1009.28 328.73 1035.41 314.31 1062.44 339.54 1039.91 356.66 921.88 374.68 970.53 383.69 1030.00 371.98 875.02 483.71 948.91 439.56 1015.59 430.55 1067.85 471.09 1012.88 508.94 956.12 513.44
./images/228.jpg 536.71 178.64 1198.69 816.85 578.77 401.74 1184.06 414.54 878.67 807.70 608.03 612.03 1156.63 612.03 576.94 496.83 1191.38 518.77 684.83 725.41 1079.83 730.90 666.55 381.62 770.78 301.16 871.36 306.65 926.22 302.99 1028.62 279.21 1105.43 385.28 743.35 361.51 798.21 315.79 840.27 363.33 787.24 407.22 953.65 350.53 988.39 319.45 1035.94 363.33 990.22 410.88 827.47 410.88 876.84 438.31 957.31 418.19 757.98 580.95 858.56 518.77 937.19 516.94 1026.80 604.72 918.90 734.56 843.93 730.90
./images/229.jpg 584.25 268.24 1105.43 703.47 637.29 456.60 1107.26 476.71 940.85 701.64 714.09 608.38 1078.00 608.38 651.92 529.74 1101.77 529.74 798.21 670.55 1026.80 674.21 748.84 434.65 818.33 370.65 907.93 387.11 962.79 377.96 1010.34 352.36 1063.37 420.02 818.33 429.17 847.58 394.42 885.99 420.02 862.21 441.97 968.28 403.57 993.88 377.96 1028.62 410.88 992.05 432.82 913.42 467.57 968.28 476.71 1017.65 467.57 882.33 557.17 935.36 535.23 986.56 544.37 1010.34 569.97 981.08 590.09 933.53 590.09
./images/230.jpg 1074.17 734.68 1154.59 840.58 1114.53 741.96 1119.99 836.64 1078.42 785.35 1088.44 749.85 1092.68 823.28 1099.97 745.30 1106.03 835.42 1077.81 760.17 1084.49 807.51 1118.17 748.94 1127.58 761.99 1123.33 771.40 1122.42 781.41 1134.56 792.94 1125.46 809.93 1119.08 758.04 1122.12 763.20 1119.99 768.06 1117.57 762.29 1121.21 785.66 1124.55 791.73 1122.12 799.01 1119.39 793.24 1109.98 763.81 1109.07 774.73 1110.89 782.32 1096.02 765.93 1092.68 774.73 1092.68 779.29 1095.72 785.05 1088.74 779.29 1089.04 773.82
./images/231.jpg 603.37 224.40 1253.69 661.82 669.18 390.85 1211.11 425.69 936.27 677.31 715.63 576.66 1184.02 599.89 638.21 495.37 1218.85 530.21 804.66 638.60 1052.40 638.60 734.98 371.50 816.27 313.44 920.79 297.95 982.73 301.82 1067.03 284.70 1131.03 337.73 814.67 341.39 860.39 313.96 896.96 339.56 853.07 368.82 1004.85 324.93 1037.77 308.47 1079.83 337.73 1052.40 366.99 904.27 366.99 959.13 370.65 1017.65 363.33 869.53 496.83 922.56 462.08 1013.99 456.60 1050.57 478.54 992.05 493.17 935.36 495.00
./images/232.jpg 610.66 242.16 953.71 523.03 631.76 374.27 943.72 357.62 801.62 518.59 650.63 457.53 928.18 443.10 628.43 412.02 943.72 398.69 712.80 503.05 881.55 491.95 675.06 369.83 721.68 347.62 769.42 359.84 803.84 346.51 848.24 326.53 887.10 346.51 716.13 364.28 735.00 352.07 758.32 363.17 740.56 370.94 813.83 353.18 836.03 338.74 857.12 349.85 836.03 362.06 753.88 396.47 789.40 402.02 820.49 385.37 745.00 440.88 777.19 439.77 806.06 438.66 833.81 428.67 804.95 446.43 782.74 448.65
./images/233.jpg 758.76 318.41 1227.43 734.54 772.59 546.52 1221.90 500.90 1046.32 745.60 823.74 661.27 1195.63 632.24 790.56 601.82 1220.51 547.91 890.10 708.27 1155.54 690.30 859.68 563.11 916.37 534.08 992.40 535.46 1044.94 532.70 1100.24 502.28 1159.68 498.14 919.13 556.20 942.63 536.85 974.43 554.82 939.87 563.11 1060.15 528.55 1086.41 509.20 1109.91 513.34 1097.47 529.93 985.49 611.50 1039.41 611.50 1085.03 590.76 970.28 670.95 1014.52 665.42 1068.44 661.27 1104.38 647.44 1065.68 676.48 1020.05 680.62
./images/234.jpg 795.85 155.63 1219.06 539.01 833.20 314.96 1205.79 307.49 1066.38 544.82 880.50 441.09 1195.83 426.98 846.47 377.19 1205.79 357.28 936.09 504.16 1154.34 497.52 915.35 294.21 963.48 246.08 1038.99 249.40 1092.93 247.74 1141.06 230.31 1175.08 291.72 972.61 282.59 1004.14 256.04 1031.52 285.91 1002.48 309.15 1097.91 269.32 1126.12 253.55 1147.70 275.96 1131.10 298.36 1055.59 319.94 1093.76 323.26 1127.78 314.96 1011.61 447.73 1062.23 405.41 1108.70 400.43 1121.97 444.41 1098.74 498.35 1043.97 495.86
./images/235.jpg 879.70 225.56 1199.62 472.65 900.51 323.88 1175.17 319.72 1073.73 470.05 940.04 412.31 1175.17 394.10 903.63 364.45 1182.45 356.13 989.46 448.20 1141.88 442.48 963.45 321.28 1010.27 305.15 1056.04 311.39 1088.30 312.43 1117.95 299.95 1155.92 317.64 1002.98 314.51 1019.63 308.27 1038.36 311.91 1018.07 322.84 1095.58 311.39 1111.18 305.67 1127.83 312.43 1111.70 319.72 1056.56 337.40 1086.22 340.52 1115.87 336.88 1040.44 375.38 1076.33 379.02 1098.18 380.06 1115.87 372.78 1098.70 388.38 1076.85 387.86
./images/236.jpg 880.38 273.39 1188.50 528.52 896.51 372.44 1182.74 376.48 1056.04 529.67 923.58 465.74 1176.41 455.38 897.66 423.13 1182.74 412.76 971.96 511.24 1140.70 500.88 953.53 367.84 997.87 336.74 1048.55 359.20 1083.11 355.74 1125.15 339.62 1153.95 372.44 994.42 379.93 1012.85 374.17 1035.88 379.93 1012.27 394.33 1085.99 380.51 1110.18 374.75 1124.00 382.81 1105.57 393.75 1035.88 413.91 1064.10 421.97 1102.11 415.06 1009.39 450.77 1048.55 454.80 1079.65 455.38 1110.75 457.11 1075.62 477.84 1048.55 476.11
./images/237.jpg 238.98 306.19 810.85 890.49 400.60 377.39 775.81 706.27 329.39 807.99 274.02 536.75 642.45 867.89 327.13 433.90 736.26 809.12 266.11 652.02 485.36 875.80 496.66 389.82 599.51 423.73 633.41 468.94 686.53 524.31 750.95 574.04 749.82 678.02 513.61 440.68 572.38 457.63 570.12 491.54 527.17 473.46 645.84 579.69 688.79 578.56 696.70 635.07 663.93 611.34 526.04 501.71 568.99 543.53 620.98 588.73 425.46 542.40 486.49 594.39 555.43 649.76 615.33 701.75 480.84 725.49 410.77 626.03
./images/238.jpg 902.45 140.24 1867.99 893.65 951.82 310.30 1855.19 390.76 1438.25 869.88 992.05 621.18 1772.90 712.61 928.05 445.62 1860.67 531.57 1140.17 769.30 1628.43 825.99 1123.72 324.93 1308.41 246.30 1467.51 246.30 1566.26 237.16 1686.95 273.73 1805.81 370.65 1249.89 343.22 1306.58 281.04 1385.22 323.10 1317.56 350.53 1590.03 321.27 1655.86 279.21 1707.06 334.08 1652.20 357.85 1445.56 423.68 1591.86 451.11 1710.72 425.51 1319.38 621.18 1478.48 610.21 1604.66 604.72 1696.09 612.03 1599.17 661.41 1472.99 655.92
./images/239.jpg 756.15 136.58 1707.06 937.54 792.72 405.39 1741.81 473.05 1323.04 921.08 896.96 697.98 1674.15 699.81 825.64 535.23 1703.41 575.46 1041.42 851.59 1553.46 851.59 982.91 418.19 1136.52 313.96 1328.53 370.65 1443.73 354.19 1580.89 293.84 1661.35 449.28 1118.23 438.31 1193.21 368.82 1266.35 420.02 1191.38 484.03 1451.05 431.00 1520.54 366.99 1590.03 421.85 1533.34 487.68 1299.27 601.06 1410.82 650.44 1520.54 610.21 1224.29 758.33 1317.56 776.62 1408.99 787.59 1485.79 769.30 1416.30 849.76 1323.04 846.11