./images/102.jpg 30.744016503289323 0.9351453455519638 105.0301815247077 79.54969739495371 51.76252141283822 40.38937278169672 67.31265258744516 36.354888576601105 59.243684177253925 51.32612025158064 50.60472241358341 58.531192485404816 80.84108858643023 50.177227398473946
./images/101.jpg 52.83768486513884 20.45128163980961 117.32483395548569 79.77874465952793 86.68808206206509 41.73275498302485 98.94456817793528 44.633962548689674 93.46351757695618 50.11501314966877 81.52839599143657 53.980314306385296 100.5513908296881 58.49727131631269
./images/100.jpg 103.0113913411121 2.236085724000617 167.1273632759027 58.004598203059835 133.1851855530248 23.795159238269516 143.4212911182707 21.639251886842626 140.73086128301892 30.530142534462613 132.9179243111124 41.84420177542191 149.88901317255133 36.45443339685469
./images/129.jpg 106.05149887326114 32.9110282865762 176.94825816773135 107.63263770334532 145.07024058347682 68.10416695124057 159.09644785282845 64.78904587083073 159.86141787728823 79.58022316464212 147.36515065685617 91.05627937804364 165.72669001364815 87.99639928020453
./images/115.jpg 84.37483843605932 34.18648027617745 127.72891223371538 77.53980115058108 103.7565887998818 53.822718699318244 110.89731292584297 51.01807958404986 110.13234290138318 59.94398474150132 106.81646889772092 67.59443790935153 115.23264501328333 65.5540158952905
./images/114.jpg 52.27621433884541 46.845378919132436 84.69257204858098 75.57015392224764 69.81104396447908 64.3802085447661 73.73377410959272 60.91902035338657 74.77205527468134 68.648530462741 73.27223215585862 73.37839433445 78.46288505804928 71.99376847324768
./images/128.jpg 93.8059550958853 28.849007339764675 172.8282621304834 108.33285632809688 125.18478456378467 67.95584107051363 139.83516520939332 61.265365049500254 136.95146915262075 80.64560956681788 129.56830373937999 96.10462978552674 149.87163216416582 91.83555494429943
./images/116.jpg 89.19204140504914 39.80780527875295 132.4519997961526 79.7232785826021 98.99736092132838 55.61241727032306 106.15013181932828 56.42030392017084 96.92079859115115 62.303646214588866 95.88251742606253 67.61024929765237 106.72687103068282 69.57086144695677
./images/103.jpg 117.91681640816434 33.34772377298041 152.40973644807715 65.07214501374104 130.49138764684818 46.15268952690508 137.06666641024114 45.80709775404382 133.3750837036208 50.882553398614064 129.2219590432663 54.112594151500346 138.91208130192513 54.22854433237318
./images/117.jpg 90.57591434299903 36.92410922198036 135.22125151855718 75.80054843748847 109.38017257221456 50.53696162575281 118.37835836189845 52.15198200219594 112.03347411374632 56.18915648167758 104.41916126201231 58.49686625034807 119.1854920884938 61.957301518475184
./images/113.jpg 55.27586057649085 39.69260802113253 85.73085321366962 70.60914261204539 70.3877831758336 58.380916069475234 75.23284430516301 56.535501177791254 75.69438625889711 63.68751915253874 74.31051332094724 67.61024929765237 79.38596896551748 64.14906110627284
./images/107.jpg 113.18695253645535 64.26425836389326 130.83697941970945 82.72217189699514 120.45492069207567 73.72398610731123 123.68496144496196 73.4935915920704 121.72359637240514 76.95402686019752 119.99337873834159 78.68499741751349 123.56976418734153 79.1465393712476
./images/106.jpg 108.11074396863269 37.50084843333487 141.1045938129752 71.53222651951359 125.2999818214051 53.07431298641172 131.5296688119368 54.22854433237318 129.2219590432663 59.0736054617026 123.22341949122784 62.303646214588866 132.10640802329132 63.80346933341158
./images/112.jpg 90.80706178149228 35.88582805689174 144.5650290811023 86.87529655734959 107.88034945339184 55.95876196643674 117.2248799391894 59.419197234563846 109.38017257221456 64.14906110627284 104.41916126201231 71.30183200427275 115.95545133560752 71.53222651951359
./images/104.jpg 97.6134879833785 38.19278490230981 131.87526058479807 71.53222651951359 114.22523370154397 52.38237651743679 120.68531520731653 52.03603182132311 118.26316110427803 57.688979600500296 113.30214979407577 62.64923798745013 121.83879363002556 62.88038542594338
./images/110.jpg 117.91681640816434 30.92556966994191 172.48267035762217 84.33719227343826 138.7968840443047 56.99704313152536 149.7564349065454 61.84210426085477 139.7199679517729 67.8406438128932 131.5296688119368 67.61024929765237 146.64159141127956 73.60878884969082
./images/138.jpg 85.96200065216287 36.34737001062584 138.45129227144344 94.83520118194485 98.99736092132838 64.8417504985002 106.95726554592365 62.88038542594338 98.53581896759428 74.76226727239987 96.69040407591031 82.72217189699514 110.0721090411895 84.10679775819742
./images/139.jpg 106.72687103068282 33.462921030600825 163.36928731031787 92.6434415941472 127.95328336293686 61.03421761100699 138.68168678668428 61.38056230712067 131.87526058479807 71.87857121562726 124.49209517155731 76.60843508733626 143.29635340077286 76.03169587598174
./images/111.jpg 105.3422451694805 33.00213200011915 159.6777046036975 90.79802670246323 125.76152377513918 61.265365049500254 135.68204054903885 63.22673012205706 127.49174140920275 72.45531042698178 121.72359637240514 76.49323782971584 137.87455306008894 74.4166754995386
./images/105.jpg 104.41916126201231 37.616045690955296 141.33498832821604 70.95548730815906 125.18478456378467 50.997750656234494 131.64486606955722 50.76735614099365 131.18332411582313 56.304353739297994 127.37654415158232 61.265365049500254 134.5285621263298 61.72690700323435
./images/108.jpg 106.38052633456914 41.884367608930184 146.41119689603872 80.64560956681788 124.03055321782321 62.765188168322965 131.5296688119368 60.91902035338657 129.91464843549366 67.61024929765237 123.22341949122784 69.45566418933635 134.18297035346856 70.14835358156371
./images/120.jpg 112.72541058272127 36.92410922198036 153.79436230927945 69.34046693171594 133.3750837036208 46.03749226928466 141.1045938129752 45.92229501166424 139.37362325565923 48.22925185708231 131.99045784241846 53.65105219776625 143.87309261212738 54.3437415899936
./images/134.jpg 103.49683027779653 34.38600493806902 162.6765979180905 89.75974553737461 126.91500219784824 62.0724987760956 137.98975031770934 60.11188662679121 132.91354174988666 72.9168523807159 124.03055321782321 75.45495666462722 142.83481144703876 74.87746453002028
./images/135.jpg 101.99700715897383 50.65215888337323 165.90663867097678 123.6759263659329 126.7998049402278 77.87711076766571 138.7968840443047 78.10825820615898 133.83662565735486 90.56687926396997 125.99191829038003 101.18008543009698 141.21979107059562 102.6799085489197
./images/121.jpg 102.22740167421466 37.616045690955296 146.64159141127956 81.107151520552 120.5701179496961 58.84245802320933 128.6452198319118 56.535501177791254 126.33826298649372 63.91866659103201 118.95509757325297 67.95584107051363 132.68314723464584 67.49505204003196
./images/109.jpg 99.45890287506249 36.92410922198036 131.76006332717765 65.53368696747513 112.14867137136673 47.652512645727796 119.0702948308734 47.652512645727796 116.41699328934163 51.690440048461845 109.49536982983498 52.497573775057205 121.72359637240514 53.767002378639084
./images/137.jpg 105.8037871232146 30.809619489069068 162.33100614522925 89.64379535650177 124.49209517155731 57.920127038993556 133.49028096124118 56.7658956930321 128.1836778781777 68.30218576662732 124.14650339869604 77.53076607155204 133.95182291497528 80.30001779395663
./images/123.jpg 90.34551982775818 36.34737001062584 130.02984569311408 70.26355083918413 100.95872599388521 46.61423148063918 107.30361024203734 45.575950315550564 99.69005031355574 49.26753302217093 96.69040407591031 55.72761452794348 107.07246280354406 55.95876196643674
./images/122.jpg 85.84605047129004 35.88582805689174 133.6054782188616 82.26062994326102 107.41880749965775 56.99704313152536 115.72505682036669 54.8052835437277 114.34043095916438 64.14906110627284 106.72687103068282 69.11007241647509 120.45492069207567 66.45677087494333
./images/136.jpg 97.95907975623976 42.230712305043866 158.2930787424952 99.33467053841301 122.18513832613924 66.57196813256375 132.79834449226627 64.8417504985002 129.56830373937999 77.06997704107036 127.37654415158232 85.83701539226098 139.02803148279796 82.95331933548839
./images/132.jpg 92.42208215793542 27.464381478562373 179.75063851324248 108.67844810095816 121.72359637240514 65.99522892120923 137.18186366786156 64.61060306000694 127.83808610531644 81.91503817039977 121.4932018571643 94.72000392432444 141.68133302432972 93.33537806312215
./images/126.jpg 103.26568283930327 33.462921030600825 155.6397772009634 82.95331933548839 128.1836778781777 53.767002378639084 137.87455306008894 52.9591157287913 134.99010408006393 61.72690700323435 125.76152377513918 70.84029005053866 140.41190442074785 71.07068456577949
./images/127.jpg 95.30577821470801 31.040766927562327 150.6795188140136 82.26062994326102 113.18695253645535 54.112594151500346 126.7998049402278 53.65105219776625 118.95509757325297 60.11188662679121 111.22558746389853 66.91755990542501 131.64486606955722 63.68751915253874
./images/133.jpg 103.61202753541696 35.07794140704396 161.86946419149515 88.37511967617232 123.56976418734153 56.99704313152536 135.10530133768432 57.342634904386614 127.37654415158232 65.30253952898188 122.41553284138007 74.64707001477943 133.95182291497528 73.9551335458045
./images/125.jpg 95.07538369946717 43.499387985373325 130.02984569311408 80.87675700531115 110.30325647968276 59.5351474154367 116.64814072783489 62.9955826835638 111.22558746389853 68.07179125138647 104.99665339661925 67.7254465552728 113.99483918630314 72.1089657308681
./images/131.jpg 155.87017171620425 29.540943808739613 222.20346317775056 92.06670238279268 174.6744299454198 63.34192737967748 186.78745923036954 65.30253952898188 175.597513852888 77.64671625242488 168.9062849086222 80.64560956681788 184.94129141543314 83.41486128922249
./images/119.jpg 91.26860373522638 37.73124294857571 131.18332411582313 69.91720614307044 103.15048558168286 47.306167949614114 109.72576434507582 46.72942873825959 104.30396400439189 48.80599106843683 100.38198678253069 55.15087531658896 112.61021332510084 56.073959224057155
./images/118.jpg 106.03418163845545 30.69442223144865 147.10313336501363 77.18517429869078 129.56830373937999 48.80599106843683 139.37362325565923 52.72872121355047 135.91318798753213 56.18915648167758 122.76187753749376 55.843564708816324 138.91208130192513 62.765188168322965
./images/130.jpg 87.34587359011275 36.57776452586668 139.37362325565923 91.02842121770406 115.84025407798711 66.3408206940705 125.76152377513918 67.03351008629785 122.30033558375965 77.18517429869078 111.9182768561259 84.22199501581784 125.64557359426635 84.10679775819742
./images/124.jpg 101.76585972048055 44.53766915046194 147.21833062263406 81.68389073190652 120.33897051120283 55.72761452794348 128.1836778781777 57.57378234287987 121.95474381089839 58.49686625034807 114.68677565527807 63.34192737967748 125.99191829038003 65.88003166358882
./images/140.jpg 166.13778610947003 43.26899347013248 194.28582190123072 71.07068456577949 179.17314637863552 54.3437415899936 184.47974946169904 54.92048080134812 181.8264479201673 58.380916069475234 176.86618953321747 60.22708388441163 184.36455220407865 62.0724987760956
./images/141.jpg 80.53944738822652 33.80926572671451 130.72178216208903 82.1454326856406 106.95726554592365 58.380916069475234 116.07064859322794 57.112240389145775 114.22523370154397 66.22562343645008 106.2653290769487 73.0320496383363 118.83990031563255 73.14724689595673
./images/303.jpg 48.97531498407964 6.361836376406843 139.27342187643018 111.9358448820013 68.27732639836114 66.08732251485982 81.68381405021326 50.544956550771644 77.41622093122307 79.1898742665302 80.46390694400435 95.03617613080013 110.62850416067161 75.22621704772176
./images/317.jpg 76.6379267181643 30.89875811460177 162.20568664434123 103.70376502027241 102.53188432993724 61.48023848771541 119.98727749471144 64.85771121968578 101.96897220794216 78.36760214756731 92.39946613402608 73.58284911060927 118.29342374579902 85.40400367250561
./images/316.jpg 77.31504019794743 32.51184741721841 139.1866647492899 83.82662963103088 104.17966846081029 51.22834518593969 116.85133674696118 53.94246786114526 107.79849869441773 57.56706056327755 97.84095308347241 60.28118323848312 111.11768056473284 66.619898615821
./images/302.jpg 47.662100469719306 14.694087583532923 133.8118650871261 114.00813228627706 65.04106634259263 77.01500629965096 78.1965290936464 67.08227922923402 70.75029029119003 93.150728038544 76.45951423978744 105.56553470977974 89.61938565798299 97.36982249322178
./images/328.jpg 83.88517293084931 28.241549531590962 142.22873157353754 79.96289305515235 116.36947784497292 45.58693183076854 125.83059546270614 45.2721284567972 127.72225177296636 51.264736827981345 119.83798709152201 60.72585444571457 132.45281058183295 61.040657819685904
./images/314.jpg 57.412087788278946 25.87960264917805 143.9458725949564 110.85988390393737 79.7430518890955 68.36974327655771 96.18213295354026 67.43971941102812 83.46314735121385 88.52891980312081 79.7430518890955 97.21607010013462 101.4505363035235 95.66256654821647
./images/301.jpg 29.862931632862704 12.11154547736398 130.3748946929655 122.04139876557238 54.506906220287284 75.79866646258702 70.28756666033594 58.90885386107902 65.57862154628314 86.32075728000258 64.75170899733801 101.82908125183576 91.05446025480222 82.16638824667943
./images/315.jpg 63.72201402882248 26.400056116663144 148.67797926411723 110.71088825097796 87.18873057696749 68.29338686154746 103.41786014849389 66.45878960563579 90.06662901962015 78.76671954776853 82.21414955613005 85.31381250224457 114.15327815698808 81.90670331269429
./images/329.jpg 83.55895094267389 39.06226324323037 146.7726135029553 91.40995377009882 103.97328442138672 59.14575563540825 115.49518486984286 60.460489344507984 104.96005392296485 69.35004549575132 99.36164736299091 74.94845205572526 115.82314907736446 75.6072573497818
./images/311.jpg 46.13149171895984 21.539814064200453 149.5309177650179 117.65532036515961 75.67269942178073 62.62819218376988 96.08431178384951 63.97475550566897 78.62578037482582 81.96879279174132 70.0316909111224 90.02217729221115 95.01330002975217 92.9804573314412
./images/305.jpg 52.60298846669737 15.011085526014748 137.0437832536899 102.33122109197407 70.57135870996304 57.56847582915124 86.70116899723239 54.785418738653085 75.85320676309956 74.53274474981544 75.01874812970473 84.82592954086708 99.2180484981549 77.03612064999993
./images/339.jpg 44.32373832097349 24.789152581347818 96.95942787063564 77.10810110945945 55.876450317526306 48.541395081619754 65.18530223509498 50.78858927662022 55.556375179959474 61.701150998039374 53.952665376108996 67.47917405432393 66.78901203894546 70.04644338689124
./images/338.jpg 56.61944772397001 29.526524440533432 114.10105692893005 85.44170653613659 74.52182987138791 50.2585005182936 85.51689503738571 55.28610496848544 74.83762157663426 62.82500536039822 66.98543576285009 62.82500536039822 84.887817910268 69.42154320332192
./images/304.jpg 49.127814953236474 22.53882116859739 142.16495321980955 101.80439894144217 70.58107302883231 57.77337572978701 88.19835030942711 53.017343703497666 75.89692458738702 68.67768661913003 71.98305585746212 82.65857093796625 96.02608776927691 73.71119441358567
./images/310.jpg 44.53522858007679 14.327347557433956 115.46827805800976 78.93988132087063 72.70177955250115 47.36266088565888 85.91336907006415 44.579605320298924 82.09062987664261 58.13986922532159 78.26155114890362 68.56840317752463 93.21651260376498 63.357305968581834
./images/306.jpg 59.495119907817006 14.301523397768573 138.9262895315385 88.53510335070959 101.26495910649814 49.90859943598855 116.32949127651428 47.51523003928036 115.99037626662648 62.24064719940869 99.89545618195122 73.19667059578407 122.83789088936109 69.0881618221433
./images/312.jpg 75.21140603806298 24.12914557943168 156.49806181970567 91.9322768919521 114.28715228633222 50.00004853947681 129.97690277089816 47.2457495349334 130.25093926544804 60.72927400405566 122.81944110816397 74.21744315952623 137.40375624183392 71.46314415498283
./images/313.jpg 78.23165408947904 19.203641874645545 177.63486432268965 101.13102012975263 108.42360195466705 43.69899580300562 128.0744970722867 46.829768503824276 110.70223952939821 59.07979943244102 102.43982435656102 71.32512243218436 120.09926556072759 75.02555452668581
./images/307.jpg 26.036677821441764 15.874825718611795 96.37804898976299 81.22731659731903 45.50742463441247 50.73562390470906 59.38178912988262 47.888341672998244 51.19585271371404 63.186347284323794 45.86333491337632 69.2306856425892 66.13794804607573 66.03362951603461
./images/322.jpg 32.391276956091104 16.434626966225363 195.1146480474493 152.85814861416844 90.90455145741699 58.513274501325874 125.75240775712378 61.142147871303756 102.08143168368657 80.21120607932512 78.08809904479754 109.79575776725804 131.67154124343762 108.15062770909006
./images/336.jpg 91.16542518799315 61.30281065777474 140.2998813920629 106.81451022973049 102.05117521283752 78.18642977499121 110.81090460858242 80.08083870143443 100.63091477202082 88.36641961155283 98.7365058455776 95.22955506479173 106.07597480050579 95.70370355041823
./images/337.jpg 99.21179478076225 56.85536001803638 146.71465657101507 98.11825881873297 111.24707286869938 67.05673149260922 119.35923750530964 67.75029710276786 108.00050501255795 72.62014888698 106.14532338047714 79.5749525054114 120.51872602536015 78.4154639853609
./images/323.jpg 42.338960536954055 46.63768360024224 152.60781568894382 148.4727336207442 106.92680252152705 79.78757287453048 128.1120175010703 85.5968282001747 125.3804716599765 96.18943568994632 93.94251894969173 101.99869101559052 130.50369358313398 113.95707142590905
./images/309.jpg 83.65335388604342 19.80686383080004 159.2291203075391 92.25353287185987 127.94459825035688 53.17530022588076 142.20295950966243 51.46558722419932 142.4868363854133 66.58203085793369 122.80900749813641 70.57566235997447 144.4868780100218 74.56929386201527
./images/335.jpg 16.04655501861092 19.87206088970515 179.03412193329657 171.01196233920768 71.42360318650215 92.38227766671098 104.7710140967128 82.59157620001218 95.28662139935354 124.50892516042984 82.74361266946538 142.8650930164694 125.88172504637483 125.73192440735478
./images/321.jpg 24.42939884219279 15.735406901294766 189.90541391817266 161.2262945398346 89.93003361115811 71.84011903864747 123.418207272888 68.6068162507102 105.49963011307148 98.568755418929 77.00787648603442 110.31918572175748 136.92622780915931 108.26313676942813
./images/320.jpg 52.46545454545455 22.72 163.92 129.24363636363637 121.17818181818183 73.01818181818183 139.92 76.64 135.9781818181818 101.95636363636363 103.42545454545456 94.39272727272727 133.34545454545454 112.47272727272728
./images/334.jpg 51.70838899683775 34.21464663204872 115.15287653187097 82.79304133389266 73.64043015029524 50.411125047413506 85.71326528812851 50.113030352652196 77.46597873306547 58.062222212953934 72.1665174928643 70.4276317734233 84.23935263069755 70.13505735078719
./images/308.jpg 66.10089102905306 9.927170427690832 141.0836537489948 82.96504398279461 98.783898199734 46.30356646840606 113.44342109040187 48.84395915602828 104.42217623460627 64.07364499404281 92.86053869118841 66.32895620799172 112.60084695710076 68.58426742194062
./images/330.jpg 80.828130256866 59.5789139870207 142.0888514255023 114.50005702070173 99.03578034719375 92.30258776547741 108.38114153014284 84.91933496107984 108.38114153014284 97.46728641540332 108.8761415162212 107.30764758443077 127.32830967196114 96.23873223308838
./images/324.jpg 28.33137486072364 39.00547186960736 162.5982810878154 151.89164110024603 75.81158076304483 77.05363778287936 103.16937817809031 74.85427480670947 87.76027777044872 95.60584754857388 67.32328715587866 105.04059945251352 113.5451645490225 112.27327646539281
./images/318.jpg 29.100263330158093 32.055678234124876 156.10573731842695 141.37508292797472 104.93012357120458 71.70878431038426 127.43357073701098 72.78160507831636 131.45149082460284 93.94918407636116 94.74348406800318 99.84454050783417 135.4745687043482 105.73989693930716
./images/319.jpg 69.4140036585119 43.00505655658285 154.98076567315613 121.67031980424281 97.49290656487183 73.98051997328308 111.08900691953033 75.31057326884749 101.49784482151581 91.80323413384626 91.47810999493052 97.15300405600537 115.31562072543504 96.93132850674465
./images/325.jpg 43.31926198104873 37.10312852336063 107.58864421344293 91.2792083768844 58.5746739898507 59.99741993403096 69.85980543190878 58.7087547594593 61.800061392102286 69.9938862015174 57.28600881527905 77.0889935933064 75.66624764912613 72.25091248992902
./images/331.jpg 109.69505679041248 32.072304367919756 182.74486760493357 91.61311493972845 143.4891569864349 45.92689803849506 156.61553593401337 46.41443162423022 151.99322383634706 50.54303882494955 141.79204640317957 66.09474307878017 159.5283948260007 66.09474307878017
./images/327.jpg 63.327758658816414 23.419741412319468 122.23364047920556 85.24267287481246 78.78349152443965 56.498158306271684 88.67367888242984 52.78933804702536 82.49231178368598 67.00879749289983 79.40394335307762 75.97293734546024 90.2201782164976 74.42643801139248
./images/333.jpg 67.426335208223 51.44168463454701 124.87414300719522 98.55934072508535 86.7656716632947 72.77197489175018 97.57099134359767 73.05707567487163 90.17737770131473 82.15654233616459 84.77471786116324 88.41450452568041 97.28589056047622 88.97995441220462
./images/332.jpg 82.1794096603472 29.130042916178194 165.71679110343933 88.83214438754058 111.46205852605212 44.11196613493083 127.80637688840552 44.56757230308304 118.04623115997987 50.01494119705821 110.32746646652744 64.54346992808657 130.07777268788277 59.77508692548386
./images/326.jpg 47.69252837540367 30.423083107410932 114.40301409544341 94.37857109141792 79.27871863511919 46.488340175777054 90.17033130636885 48.39347374533558 84.99668690925239 56.01657558902728 71.10872534895314 71.5375087803767 90.71465518338557 73.7173718539012
./images/340.jpg 68.30763879347148 31.053313715011583 117.66238098776535 79.51530330055996 96.85159382444174 56.02927436711055 105.17590868977119 55.43209525720648 104.2831560810257 68.51574666510471 98.93267254077409 74.16481976030836 105.47449824472321 73.27206715156288
./images/539.jpg 56.99478436176809 39.560093528706425 96.93610803061704 68.2946565341031 69.92586476047329 51.05409441295733 76.67820597539394 49.761074214132925 73.23044491534924 54.07143434703465 69.49456522404476 59.38669604750101 81.99434608632146 57.519195407079344
./images/538.jpg 89.55833856735197 27.236873169122482 145.52538268956536 74.65698350426965 114.923319043747 45.84599878875223 124.71056840196815 45.84599878875223 122.22905884919713 55.220395230229165 112.99345126058313 61.00999857972077 128.4323935258941 59.76880459810468
./images/537.jpg 81.52703172098545 46.836845788938334 121.49207247228566 82.71815630631554 96.25797515460314 58.50565035495965 104.28049789635811 60.69377081370394 98.59191174989965 65.06913332073135 95.09144606218548 70.32027105753318 101.21748061830056 70.6119033306376
./images/536.jpg 107.35142086856605 38.60086930512202 156.31577679442879 79.24140770105264 125.30437387371087 55.24938277544738 134.77100341360938 57.370744039143666 128.242656866284 64.55262796957052 121.7143103189586 69.77477816115413 136.89324308776682 71.0809745168959
./images/535.jpg 49.43079188073756 31.375064851637273 145.06421719745745 118.08208306207075 100.43481689740888 71.66863111541053 117.77639622158782 71.66863111541053 113.69617962950944 91.04987953039806 96.09986127159473 104.05650322876284 123.13206480326743 99.46593015875173
./images/534.jpg 63.99308050581295 38.993518781259596 125.85162359101224 89.67165351684135 93.61571648744024 62.08165934233339 104.50624938487567 61.065338438773715 102.61854530384738 72.97219223976883 92.74433330997161 78.49036675676264 110.16936162796055 75.29558790953142
./images/533.jpg 68.55905808291162 34.62079150561565 130.8374813685444 88.6588462551263 100.30656897007984 58.80255309083101 111.51947850676021 56.77693856740094 110.57343044009318 68.25952011565678 98.55062645822524 75.95966621816679 116.38235881973026 72.85272841705135
./images/532.jpg 62.86168783184159 29.764938476334873 129.73419782933007 95.22145081043685 97.5729556149565 57.95927904811945 110.0411137006315 61.64333252221561 104.37360940524084 71.5605866286881 89.07257758233166 75.95263893447752 109.7573871216775 80.34469124026694
./images/531.jpg 108.70944344151614 34.62079150561565 150.99348781027317 67.58402247102637 127.48722386968821 48.40041640979936 133.83725309339857 48.80624204285431 130.4597648702465 53.93967277786097 125.59600614681528 57.18188578999472 135.32264518321654 57.72210822360682
./images/530.jpg 102.57901683309528 30.23137443120971 151.276335978766 65.17542098653146 122.22642361781365 43.28279706309353 130.3657749509026 43.703555673988156 127.13849491660852 50.44008550060797 120.54251076377399 54.08900255625781 133.5939333956578 53.2466069240074
./images/529.jpg 52.48326823326121 42.7267632411806 114.89696672991228 87.84807339947758 79.771967619592 62.990814169631804 89.36420985543609 59.74860115749806 86.79749448793275 70.15073783852971 83.42000626478068 79.87737687493095 94.90258781303655 76.49988865177889
./images/528.jpg 89.90443228904819 34.62079150561565 182.57849276212718 108.65234676154088 121.11084233214314 61.9103693024076 139.75422595975806 64.74675668148642 126.37954827816813 78.25670957409466 114.76169151889397 88.1186238215142 144.7523814837464 89.73929112235051
./images/527.jpg 109.8680668397834 33.87150738224798 164.36904390232425 72.0946601890721 128.90673517491936 51.02071481543333 137.62759423329481 51.166530951985536 131.81339539089078 58.433620697144704 127.74459813480748 63.66543340380105 138.3540396846724 63.51961726724885
./images/526.jpg 140.4393861194612 49.751411699060185 194.0716152359169 87.71279818845926 159.48771696966992 69.88106582695423 167.728085505792 68.3947953266751 162.86520519282195 77.58121192946425 159.62299218068821 81.36364737521008 171.24084893996238 79.20187923030053
./images/525.jpg 152.8636236820783 50.26703863975986 201.85608874269806 86.27044821123802 167.40570886654706 67.91518321488289 175.31228142742916 66.6450016880486 170.22979849916965 75.11639217545522 166.98231502426896 80.05745101946832 179.6894007553789 76.52799778653595
./images/524.jpg 83.53332121427006 43.96268676002974 116.49128171691385 70.04269335180729 101.30268643303287 54.28049603679024 107.03431469208806 53.27735129014793 105.6007488194784 59.00897954920312 100.15636078122184 61.444811757993925 109.32696599571013 60.15530520101416
./images/523.jpg 68.8120402957251 35.965637921648366 162.66053555537218 114.00186646999238 111.4008930945039 59.68272037291122 130.52740247575565 59.17236389497848 123.13206480326743 73.70830020621914 112.16598860617242 89.51968850706103 137.1585230470365 87.98949748372401
./images/522.jpg 65.45212028179618 37.72860771719224 162.85466426728806 109.05817239459583 108.54693750620194 62.85553895861348 127.45999314539232 61.23487165777719 121.38139275417976 74.06844849529386 108.81748792823856 90.68533918901755 135.43068966993894 88.1186238215142
./images/521.jpg 103.44337272687463 56.156780781823464 138.33383624406574 84.83776074908951 119.70538559429053 67.68855331590416 126.06244210169012 68.4281749241991 124.28893138061237 72.71481797464956 119.85383696222621 76.85476647808666 126.94963666745959 77.0023394355612
./images/520.jpg 92.48432381346888 34.9326272193267 165.59706172702298 96.51798465110588 122.3669692915989 52.073928958361634 135.86725966913443 53.59006541432014 128.2821853370361 58.748091642239224 117.20982147414098 73.46146686663377 137.83841274397273 77.86054645611244
./images/519.jpg 73.04246507666146 45.40064468494519 178.48070796082564 124.23622675294288 116.27080069116322 70.75508423580634 135.39028278872567 69.2310420856974 127.63216159577927 82.9482998471389 113.63820453907303 101.51350494371077 143.5656489507221 102.0677819447014
./images/518.jpg 74.61130616028943 35.97442202625995 159.78549811600243 101.92987150229962 110.86506271319759 69.17043176387752 127.17187451413254 68.15147562893436 120.91056474699914 84.16753356722604 108.38970203365469 88.68080651665525 134.74289427885233 83.73008515756942
./images/517.jpg 104.12238401334967 43.14225138930827 135.41839192348274 66.01781661878186 118.29729362505444 52.405089702218156 123.76979079806804 52.54475696554225 121.80566500691903 57.5973739381224 117.31435231901877 59.421832465947325 125.59424932589297 59.00107385505269
./images/516.jpg 110.97925607314812 33.54034663839145 143.13171418291012 61.63981888037098 125.7040506335377 43.942483319423104 130.70220615752606 45.158203397665616 127.59526835641063 48.94151725387262 122.46183762140397 49.886686910078495 132.59430229086016 50.29163413267228
./images/515.jpg 94.48358602306422 34.399432069403865 149.9587202870292 75.42207901593817 116.5272965458213 48.41359256671673 125.57843793759213 47.83032802050789 119.88545973882789 55.275735089282115 114.33741926615471 63.59691738783074 129.51986567680757 62.282815337938544
./images/514.jpg 109.35771036185066 31.64912891551853 170.55568878025923 76.49988865177889 138.53850588151556 53.12889992221225 148.67009214051058 52.31812706656352 144.88765669476473 63.261364591668425 138.1326802484606 69.6105154049176 152.4525275862564 68.12424490463847
./images/513.jpg 123.67755769964647 37.322782084137295 177.71561244915713 78.12143436307635 141.23961804957605 55.96616571175221 150.96713549643843 54.61517042249139 145.96810156198893 65.15258231454135 141.7807188936493 73.66350127270009 156.5055134540389 71.2311827057539
./images/512.jpg 127.08579028893907 39.93078274331505 181.3513533478896 81.15019363314872 151.2350506870916 59.22155488080333 159.7002923012701 58.80518832221449 156.5090270958835 68.38161916975773 149.84716215846214 73.65559557854966 162.7536470642549 72.40649590278315
./images/511.jpg 86.29153006230581 61.965709161460545 136.51113453716314 101.53722202616204 103.77277664980883 74.99692835273774 111.87786997491264 76.2679882900332 105.8387980544522 81.51297715360693 101.54776295169592 89.61807047871072 111.87786997491264 89.14109359830198
./images/510.jpg 81.59818296833923 42.23748861431565 136.00341329061388 83.14594220089943 109.01161664015446 55.31087150772842 117.58665956197773 55.45141718151369 114.91629176005775 59.66866580553268 106.34037042777332 70.0716808970255 120.96063414328513 70.91583335019823
./images/509.jpg 70.78934224379148 33.61149788574524 126.77834662753381 82.47395819811365 97.93573913541472 49.220851780520825 107.94522634030878 51.93514010549868 104.55280513931704 58.04272804192944 96.74812819192925 69.41023781977361 109.30324891325887 69.74930425778055
./images/508.jpg 76.20737796821331 28.825039282895933 156.79451049575982 91.56023600833079 111.14615406076811 58.15252934957418 123.89716031493595 55.09214730290011 118.79623076699212 68.35351003500068 108.85086752576257 76.51394321915741 127.2122813953458 75.49410867375312
./images/507.jpg 67.82470693738364 54.811934365790755 103.45567047333084 78.93045039780274 86.05172400640971 65.50131126762102 91.25894122015364 63.99308050581295 90.43674902850985 70.0233683216618 87.14798026193475 74.54542537570259 94.6847420186694 72.76400896047441
./images/506.jpg 68.96488371596656 42.59148803016228 100.17129375906151 72.04195556140263 83.82495348737447 57.317161001013034 88.95838422238114 57.18188578999472 87.74266414413863 61.50454366935266 83.555281475799 63.5310366032439 90.5799299336786 64.07125903685599
./images/505.jpg 74.09216557774513 33.75994925368092 99.3789675230971 53.95636257662297 85.51677203556456 43.41631545318953 89.54516241043461 43.11765589639585 87.60563211219801 47.29537604966274 86.41187229548444 50.27933638621607 89.99227333516397 49.68201727262871
./images/504.jpg 43.31354142923406 36.37761242793142 78.30326532853601 65.82807995917176 58.71471204471522 49.48173968748471 64.25309000231569 49.48173968748471 62.497147490461074 54.20934478943644 57.903939189066506 56.371112934345994 66.55013335824354 55.560340078697266
./images/503.jpg 102.62557258753664 56.964039995627566 158.7911374739717 103.12011767716854 128.20576362691537 69.89336357341044 137.6592170098965 73.50802262107514 130.70835503075418 78.0950820492416 122.08851317541188 86.57613505172097 136.96439433512063 89.91233798319861
./images/502.jpg 155.6332518661091 32.291246962624946 216.82068935898377 82.93336686929922 175.0882867598339 47.73633810116401 184.74201772795902 50.707122280799965 174.49448128809118 57.241617701353455 170.18763479703406 65.26062680126378 182.06813628419442 66.44911615521039
./images/501.jpg 155.68859172516207 40.02477266265895 200.80990188345902 69.4752401938993 171.22415914120037 50.29163413267228 178.78903003269207 49.3464644764664 173.2506520750916 55.42594327814011 171.08888393018205 61.77509409138929 179.32925246630415 59.20837872388595
./images/500.jpg 100.72030029728519 25.969326873671655 186.87304150672807 89.32116774283935 137.23055270485145 46.46088611156275 151.0848424982336 45.45071408123118 144.3017569171724 54.398203038585386 139.1068374498847 70.1278991665396 151.37296112949338 68.39655214759742
./images/200.jpg 101.54305555555557 17.18888888888889 227.88750000000002 123.64027777777778 152.61805555555554 56.43611111111111 180.0375 57.51111111111111 165.52222222222224 85.46805555555557 145.62916666666666 97.83333333333333 185.95138888888889 99.44722222222222
./images/201.jpg 52.08055555555556 35.46805555555556 136.49027777777778 99.44722222222222 94.55416666666666 53.209722222222226 110.14583333333333 51.05972222222223 104.76944444444446 60.737500000000004 88.64027777777778 70.9513888888889 118.20972222222223 71.49027777777778
./images/202.jpg 111.0013888888889 40.420833333333334 154.9375 83.82916666666668 132.28472222222223 56.43472222222222 127.9638888888889 61.704166666666666 120.27361111111112 67.8138888888889 117.95555555555556 70.2375 130.49305555555554 69.71111111111112
./images/203.jpg 111.28055555555557 41.52916666666667 141.3388888888889 62.99861111111111 120.70694444444446 48.75555555555556 125.94305555555556 47.918055555555554 122.59166666666667 51.16388888888889 119.34444444444445 55.87777777777778 127.61805555555557 54.515277777777776
./images/204.jpg 120.32777777777778 37.652777777777786 148.2527777777778 64.54305555555555 136.4152777777778 48.800000000000004 141.35694444444445 50.06388888888889 140.09305555555557 52.706944444444446 134.0027777777778 56.15416666666667 141.47222222222223 57.07361111111111
./images/205.jpg 83.6861111111111 22.01666666666667 176.89861111111114 96.43472222222223 119.7513888888889 57.575 136.00694444444446 50.4625 131.6888888888889 72.0513888888889 127.87916666666668 87.03611111111111 150.99166666666667 78.40138888888889
./images/206.jpg 126.10138888888889 42.081944444444446 168.00833333333335 79.16250000000001 141.8486111111111 58.84444444444445 149.72222222222223 58.590277777777786 144.38888888888889 66.20972222222223 142.1027777777778 71.54305555555555 148.45277777777778 71.03611111111111
./images/207.jpg 159.9888888888889 54.977777777777774 188.60972222222225 77.25555555555556 170.49305555555554 64.77222222222223 175.3138888888889 63.35138888888889 172.62500000000003 67.66388888888889 170.64583333333334 72.18055555555557 178.86666666666667 70.65833333333333
./images/208.jpg 101.56805555555556 41.38333333333333 150.54166666666669 78.89305555555555 120.87083333333334 56.21944444444444 129.55277777777778 55.459722222222226 124.07361111111112 60.68611111111111 117.83611111111111 68.35694444444445 133.26111111111112 68.35694444444445
./images/209.jpg 112.31111111111112 35.362500000000004 168.1152777777778 81.03055555555555 136.55555555555557 56.680555555555564 146.79722222222225 55.84444444444444 141.6763888888889 64.93611111111112 135.82500000000002 72.35694444444445 149.40972222222223 72.2513888888889
./images/210.jpg 120.33611111111111 40.606944444444444 195.91111111111113 88.59722222222223 143.00833333333335 54.96666666666667 156.10833333333335 53.958333333333336 144.8986111111111 59.24861111111111 138.22222222222223 72.09722222222223 159.38333333333333 71.21527777777779
./images/211.jpg 144.36944444444447 41.208333333333336 174.3652777777778 64.60416666666667 155.96805555555557 49.40694444444445 161.70000000000002 49.94027777777778 158.03472222222223 53.54027777777778 153.63472222222225 57.40555555555556 162.23333333333332 57.605555555555554
./images/212.jpg 108.25833333333334 48.68333333333333 161.24305555555557 94.26250000000002 137.4402777777778 69.22500000000001 146.69583333333335 68.87222222222222 143.61111111111111 76.36666666666667 134.26527777777778 78.48194444444445 151.10416666666669 79.275
./images/213.jpg 127.05694444444444 24.123611111111114 182.9041666666667 68.93055555555556 147.8375 50.229166666666664 157.8375 49.05972222222223 150.56527777777777 61.00833333333333 146.01944444444445 65.68472222222222 161.99444444444444 65.03472222222223
./images/214.jpg 116.85694444444445 30.006944444444446 169.66944444444442 82.59861111111113 150.80833333333334 55.74722222222223 159.68472222222223 55.74722222222223 160.79444444444445 67.28611111111111 149.5875 73.72222222222221 163.9 73.38888888888889
./images/215.jpg 81.90833333333333 25.82638888888889 196.96250000000003 110.65694444444445 133.46666666666667 62.65416666666667 154.04027777777776 62.4 147.69027777777777 80.94166666666666 126.60972222222223 96.94166666666668 160.64305555555558 93.64027777777778
./images/216.jpg 69.82361111111112 24.17777777777778 182.72638888888892 104.28472222222223 120.89861111111112 58.048611111111114 138.64027777777778 58.586111111111116 133.8013888888889 73.10277777777779 117.13472222222222 86.00555555555556 145.0916666666667 86.54305555555555
./images/217.jpg 85.09305555555555 32.1875 152.18055555555557 82.95 116.62361111111112 50.859722222222224 128.5875 49.74166666666667 124.56250000000001 58.12777777777778 116.84722222222221 69.19722222222222 133.28333333333333 68.41527777777777
./images/218.jpg 83.0652777777778 33.462500000000006 150.02222222222224 89.21805555555557 113.87083333333334 59.8125 125.83611111111111 57.90277777777778 120.87222222222222 68.21388888888889 111.70694444444445 76.23333333333333 128.50972222222222 76.10555555555557
./images/219.jpg 117.9638888888889 42.37916666666667 159.14583333333331 80.45555555555555 133.1625 58.475 140.3527777777778 58.88333333333333 134.8777777777778 63.62361111111111 129.89305555555558 72.36666666666666 143.13055555555556 72.52916666666667
./images/220.jpg 115.90972222222221 37.333333333333336 164.96666666666667 87.90833333333335 136.14027777777778 58.95416666666667 146.75972222222225 60.47083333333333 140.18611111111113 66.66666666666667 131.5875 74.63194444444446 146.88611111111112 76.78194444444445
./images/221.jpg 103.1263888888889 22.544444444444444 154.09861111111113 63.77777777777778 120.14583333333333 37.72083333333333 127.69166666666668 38.07222222222222 118.04166666666667 41.669444444444444 114.35694444444445 49.65277777777778 127.16527777777779 50.35416666666667
./images/222.jpg 119.7611111111111 34.43055555555556 162.1638888888889 73.74027777777778 140.2138888888889 52.8875 147.99583333333334 53.1875 144.40416666666667 59.772222222222226 136.82222222222222 66.05833333333334 149.39305555555558 66.25694444444444
./images/223.jpg 108.62222222222223 75.71388888888889 125.74583333333334 89.6888888888889 115.01805555555556 82.50416666666666 118.00416666666668 82.47222222222221 116.00277777777778 85.0638888888889 113.96944444444445 86.67083333333333 118.46249999999999 86.86805555555557
./images/224.jpg 113.59027777777779 41.954166666666666 148.3736111111111 73.53750000000001 127.42083333333333 52.894444444444446 134.13055555555556 53.51388888888889 130.62083333333334 57.33194444444445 126.59583333333335 62.59583333333334 134.95555555555555 62.49305555555556
./images/225.jpg 93.85694444444445 25.96666666666667 167.3736111111111 84.78055555555555 129.25833333333333 44.06388888888889 142.0388888888889 42.93194444444445 138.30555555555554 50.62361111111112 123.60277777777779 66.79722222222223 149.95555555555558 64.875
./images/226.jpg 70.98750000000001 19.730555555555558 175.375 114.2125 116.95833333333334 46.4 135.24444444444444 45.637499999999996 125.84722222222223 58.590277777777786 101.21111111111112 78.90972222222223 145.4041666666667 80.43333333333334
./images/227.jpg 93.87361111111112 30.26388888888889 166.95833333333331 87.45555555555555 127.7888888888889 47.90972222222222 140.17777777777778 45.65694444444445 134.79583333333335 53.29027777777778 121.53055555555555 67.18194444444444 148.3125 65.42916666666666
./images/228.jpg 74.54305555555557 24.81111111111111 166.48472222222225 113.4513888888889 116.70416666666667 50.4625 132.45138888888889 48.68472222222222 121.78333333333335 60.87638888888889 105.275 80.68750000000001 142.61111111111111 83.9888888888889
./images/229.jpg 81.14583333333334 37.25555555555556 153.53194444444446 97.70416666666668 123.05416666666667 58.33611111111111 134.48333333333335 56.05138888888889 134.48333333333335 66.20972222222223 122.54583333333335 77.38472222222222 140.32500000000002 79.16250000000001
./images/230.jpg 149.1902777777778 102.03888888888889 160.35972222222222 116.74722222222223 155.55416666666667 106.675 155.72361111111113 109.11944444444444 154.0375 107.60138888888889 152.225 106.37916666666666 152.18333333333334 109.03472222222221
./images/231.jpg 83.8013888888889 31.166666666666668 174.12361111111113 91.91944444444445 124.57777777777778 47.16111111111111 139.5625 45.12916666666667 133.2125 51.479166666666664 120.76805555555556 69.00416666666666 145.9125 66.46388888888889
./images/232.jpg 84.81388888888888 33.63333333333333 132.45972222222224 72.64305555555555 105.32222222222224 50.44027777777778 113.03194444444445 49.052777777777784 109.63888888888889 55.83611111111111 103.47222222222223 61.233333333333334 115.80694444444444 59.5375
./images/233.jpg 105.38333333333334 44.22361111111112 170.4763888888889 102.01944444444445 135.3375 77.05833333333334 147.24305555555557 73.40972222222221 144.3625 84.93055555555556 134.76111111111112 93.18750000000001 153.38611111111112 89.92222222222223
./images/234.jpg 110.53472222222223 21.615277777777777 169.3138888888889 74.8625 143.26666666666668 39.709722222222226 152.4875 37.40555555555556 151.91111111111113 44.897222222222226 140.5013888888889 62.18472222222223 155.82916666666668 61.72361111111112
./images/235.jpg 122.18055555555557 31.32777777777778 166.61388888888888 65.64583333333333 144.21666666666667 43.32083333333334 152.1638888888889 43.24861111111111 150.8638888888889 47.294444444444444 144.50555555555556 52.13611111111111 154.98194444444442 51.775
./images/236.jpg 122.275 37.97083333333333 165.06944444444446 73.40555555555555 143.87222222222223 52.768055555555556 150.83194444444445 52.84861111111111 147.79166666666666 58.60694444444445 140.19305555555556 62.606944444444444 154.27083333333334 63.487500000000004
./images/237.jpg 33.19166666666667 42.52638888888889 112.61805555555556 123.67916666666667 79.18333333333334 68.26944444444445 89.7 80.51250000000002 79.02638888888889 75.49027777777778 59.09166666666667 75.33333333333333 85.4625 97.46527777777779
./images/238.jpg 125.34027777777779 19.47777777777778 259.4430555555556 124.11805555555556 192.39166666666668 44.87500000000001 220.8375 44.62083333333333 221.09166666666667 62.65416666666667 183.24722222222223 86.27499999999999 235.56805555555556 85.00416666666666
./images/239.jpg 105.02083333333333 18.96944444444445 237.09166666666667 130.2138888888889 175.88194444444443 58.33611111111111 201.53472222222223 59.861111111111114 195.94722222222222 90.3388888888889 170.0402777777778 105.32361111111112 206.35972222222222 106.84722222222221
